1 0
2 0
3 0
4 0
5 0
6 0
7 0
8 0
9 0
10 0
11 0
12 0
13 0
14 0
15 0
16 0
17 0
18 0
19 0
20 0
21 0
22 0
23 0
24 0
25 0
26 0
27 0
28 0
29 0
30 0
31 0
32 0
33 0
34 0
35 0
36 0
37 0
38 0
39 0
40 0
41 0
42 0
43 0
44 0
45 0
46 0
47 0
48 0
49 0
50 0
51 0
52 0
53 0
54 0
55 0
56 0
57 0
58 0
59 0
60 0
61 0
62 0
63 0
64 0
65 0
66 0.0169786
67 0.0278147
68 0.0177686
69 0.0717101
70 0.0784873
71 0.0573295
72 0.0127429
73 0.0579063
74 0.0856257
75 0.129427
76 0.197956
77 0.720911
78 1.01647
79 0.690083
80 0.70166
81 0.508786
82 1.00494
83 0.630832
84 0.989536
85 1.19067
86 0.915417
87 0.925877
88 0.634722
89 0.649629
90 0.618265
91 0.830705
92 0.904189
93 1.11979
94 1.03354
95 1.02287
96 0.975985
97 0.945187
98 0.951812
99 0.933972
100 0.942542
101 0.893773
102 0.878588
103 0.824268
104 0.749655
105 0.711214
106 0.709694
107 0.710711
108 0.672662
109 0.635756
110 0.641816
111 0.621322
112 0.607521
113 0.590793
114 0.698795
115 0.753206
116 0.673816
117 0.915846
118 0.901564
119 0.783175
120 0.640259
121 0.666536
122 0.672082
123 0.576112
124 0.819078
125 1.0397
126 0.991639
127 0.856084
128 0.711757
129 0.739827
130 0.695175
131 0.469955
132 0.619933
133 0.735687
134 0.601941
135 0.591617
136 0.331449
137 0.271637
138 0.176326
139 0.131801
140 0.125526
141 0.117078
142 0.0757091
143 0.0951612
144 0.0887696
145 0.0919161
146 0.0674488
147 0.0886106
148 0.0701145
149 0.0987432
150 0.0898181
151 0.0875061
152 0.0641798
153 0.0820119
154 0.107676
155 0.111576
156 0.0651601
157 0.051331
158 0.0392334
159 0.0523359
160 0.0402379
161 0.0440267
162 0.0542847
163 0.0486075
164 0.0307613
165 0.0197498
166 0.0330194
167 0.0141304
168 0.0450623
169 0.0485846
170 0.0540149
171 0.046291
172 0.0254689
173 0.0319027
174 0.0263844
175 0.0444586
176 0.0208326
177 0.0476721
178 0.0432397
179 0.0374137
180 0.0344537
181 0.0186359
182 0.0275015
183 0.0591459
184 0.0865902
185 0.0945043
186 0.0823558
187 0.101556
188 0.07231
189 0.0467885
190 0.0502728
191 0.0810293
192 0.116668
193 0.0777337
194 0.0598435
195 0.0921884
196 0.0984248
197 0.107311
198 0.0864039
199 0.092214
200 0.0445014
201 0.0335233
202 0.0303917
203 0.032228
204 0.0154096
205 0.0367808
206 0.0281263
207 0.0158654
208 0.0372297
209 0.0491504
210 0.059419
211 0.0576885
212 0.0649101
213 0.0653755
214 0.085884
215 0.0663054
216 0.0897352
217 0.119821
218 0.118822
219 0.113351
220 0.0747427
221 0.0444688
222 0.0469422
223 0.0214889
224 0.0409296
225 0.00876206
226 0.0083593
227 0.0159037
228 0.0553593
229 0.0657646
230 0.0303335
231 0.0412925
232 0.0137662
233 0.0152869
234 0.0246728
235 0.0233363
236 0.0500626
237 0.0768088
238 0.0737028
239 0.0347727
240 0.00829644
241 0.0384666
242 0.0492792
243 0.0198061
244 0.0182208
245 0.041863
246 0.0448281
247 0.0564621
248 0.111882
249 0.0947377
250 0.089016
251 0.0672703
252 0.0687171
253 0.063244
254 0.0710209
255 0.0702534
256 0.0840855
257 0.0670293
258 0.0623201
259 0.0868475
260 0.0987912
261 0.07308
262 0.0529039
263 0.0688351
264 0.106819
265 0.0862282
266 0.0950714
267 0.102255
268 0.0858289
269 0.152022
270 0.150479
271 0.137337
272 0.15005
273 0.204942
274 0.21612
275 0.236127
276 0.251642
277 0.287966
278 0.29394
279 0.286084
280 0.256384
281 0.310848
282 0.306461
283 0.314604
284 0.340632
285 0.386798
286 0.380675
287 0.374868
288 0.378003
289 0.397762
290 0.373376
291 0.344943
292 0.373296
293 0.366546
294 0.350211
295 0.350531
296 0.302422
297 0.315106
298 0.316762
299 0.36207
300 0.348104
301 0.343015
302 0.339477
303 0.387587
304 0.369117
305 0.4486
306 0.455116
307 0.412129
308 0.399338
309 0.466698
310 0.449742
311 0.418926
312 0.301614
313 0.311564
314 0.292542
315 0.316271
316 0.306709
317 0.306169
318 0.298358
319 0.224596
320 0.214848
321 0.229507
322 0.196763
323 0.187628
324 0.21869
325 0.202194
326 0.207071
327 0.209482
328 0.21868
329 0.22561
330 0.223942
331 0.213351
332 0.197674
333 0.182542
334 0.181778
335 0.175531
336 0.189174
337 0.191084
338 0.214077
339 0.19213
340 0.191031
341 0.123646
342 0.120752
343 0.128065
344 0.127011
345 0.117039
346 0.152765
347 0.14526
348 0.12894
349 0.129372
350 0.161216
351 0.185197
352 0.179661
353 0.188023
354 0.187523
355 0.142411
356 0.14423
357 0.132056
358 0.146408
359 0.131789
360 0.0635692
361 0.133682
362 0.123341
363 0.18201
364 0.155216
365 0.157032
366 0.123688
367 0.0494119
368 0.0343169
369 0.0630761
370 0.0324459
371 0.0691554
372 0.0958202
373 0.0736088
374 0.12582
375 0.154597
376 0.1268
377 0.136162
378 0.10669
379 0.104223
380 0.0980882
381 0.0817777
382 0.0801049
383 0.222675
384 0.205465
385 0.19705
386 0.207217
387 0.159198
388 0.172164
389 0.172049
390 0.205282
391 0.216358
392 0.225942
393 0.244936
394 0.22985
395 0.200928
396 0.241961
397 0.266184
398 0.236107
399 0.242495
400 0.227298
401 0.25502
402 0.228734
403 0.225219
404 0.234336
405 0.223331
406 0.161955
407 0.192979
408 0.184285
409 0.20078
410 0.174648
411 0.165828
412 0.22496
413 0.23934
414 0.231813
415 0.191575
416 0.196132
417 0.205499
418 0.210606
419 0.193929
420 0.1808
421 0.18155
422 0.201202
423 0.189775
424 0.234806
425 0.183421
426 0.1603
427 0.152905
428 0.14556
429 0.140301
430 0.12305
431 0.118959
432 0.138308
433 0.150433
434 0.155868
435 0.133682
436 0.148425
437 0.128285
438 0.156642
439 0.157168
440 0.150863
441 0.148589
442 0.130511
443 0.147178
444 0.135753
445 0.141824
446 0.119425
447 0.142396
448 0.148196
449 0.148087
450 0.156234
451 0.139121
452 0.119753
453 0.0866486
454 0.106715
455 0.115436
456 0.0783704
457 0.0714909
458 0.0871609
459 0.116047
460 0.0835167
461 0.0857238
462 0.082671
463 0.102576
464 0.102527
465 0.0992206
466 0.0833727
467 0.0758872
468 0.0769124
469 0.0644301
470 0.0877426
471 0.0791864
472 0.0570838
473 0.0785739
474 0.0623192
475 0.0492289
476 0.0724265
477 0.0830374
478 0.099012
479 0.107729
480 0.0873609
481 0.073293
482 0.0681019
483 0.0549233
484 0.0553576
485 0.0883828
486 0.0839696
487 0.0884583
488 0.0561585
489 0.0369278
490 0.0535306
491 0.0423242
492 0.047769
493 0.0568225
494 0.0874915
495 0.0747984
496 0.0709642
497 0.104526
498 0.103403
499 0.0745712
500 0.109229
501 0.152186
502 0.148746
503 0.139825
504 0.134844
505 0.150844
506 0.131553
507 0.129263
508 0.142674
509 0.190457
510 0.215543
511 0.241686
512 0.206517
513 0.243725
514 0.231878
515 0.206884
516 0.22326
517 0.254418
518 0.214739
519 0.215446
520 0.173748
521 0.100208
522 0.127214
523 0.135455
524 0.115361
525 0.104337
526 0.105843
527 0.0695782
528 0.089912
529 0.120331
530 0.108526
531 0.0750559
532 0.0820964
533 0.0675797
534 0.0616326
535 0.056076
536 0.0610258
537 0.100349
538 0.100184
539 0.0855383
540 0.0673875
541 0.0497542
542 0.0763043
543 0.0676955
544 0.0760727
545 0.0692515
546 0.0785427
547 0.0816677
548 0.0838391
549 0.100515
550 0.10493
551 0.107947
552 0.0473223
553 0.0517877
554 0.0488384
555 0.056791
556 0.0599864
557 0.0642883
558 0.0652673
559 0.0566421
560 0.0442026
561 0.0422777
562 0.0358142
563 0.028866
564 0.039191
565 0.0597179
566 0.0599827
567 0.0648964
568 0.0505883
569 0.0461136
570 0.0629402
571 0.110818
572 0.0890041
573 0.0648308
574 0.0642405
575 0.0917613
576 0.118101
577 0.137797
578 0.142351
579 0.131249
580 0.140692
581 0.150304
582 0.173795
583 0.179404
584 0.182602
585 0.211368
586 0.218809
587 0.192028
588 0.207134
589 0.22986
590 0.20245
591 0.227823
592 0.266818
593 0.240131
594 0.190657
595 0.257117
596 0.273704
597 0.254674
598 0.279327
599 0.270811
600 0.145864
601 8.87866
602 10.5736
603 12.6992
604 14.636
605 17.5524
606 17.6565
607 17.6765
608 17.784
609 17.9202
610 18.6103
611 19.0879
612 19.5813
613 20.2807
614 20.3624
615 20.9595
616 21.503
617 21.3913
618 21.1828
619 21.2464
620 21.2297
621 20.9733
622 20.8164
623 20.857
624 20.7681
625 3.51681
626 3.1863
627 2.83973
628 2.66837
629 2.32248
630 2.10823
631 1.96519
632 1.89604
633 1.80835
634 1.31765
635 1.05673
636 0.942519
637 0.903333
638 0.880945
639 0.8331
640 0.781533
641 0.731696
642 0.659555
643 0.538534
644 0.493083
645 0.483896
646 0.437617
647 0.356613
648 0.323688
649 0.298291
650 0.266792
651 0.250934
652 0.24665
653 0.230431
654 0.223648
655 0.216691
656 0.20831
657 0.203688
658 0.19755
659 0.190219
660 0.184645
661 0.168835
662 0.161803
663 0.135828
664 0.11241
665 0.103378
666 0.102492
667 0.101731
668 0.100596
669 0.101689
670 0.0997221
671 0.0985626
672 0.0983172
673 0.100329
674 0.0986752
675 0.0962027
676 0.0952687
677 0.0950869
678 0.0946235
679 0.0988477
680 0.10109
681 0.101813
682 0.102172
683 0.0984634
684 0.0980095
685 0.097049
686 0.0971277
687 0.0968638
688 0.0972301
689 0.0902585
690 0.0945009
691 0.0987941
692 0.103214
693 0.108409
694 0.107297
695 0.11173
696 0.115538
697 0.119464
698 0.157254
699 0.173566
700 0.171012
701 0.185666
702 0.18279
703 0.18778
704 0.193305
705 0.187003
706 0.188617
707 0.214571
708 0.225596
709 0.237762
710 0.279947
711 0.33611
712 0.382977
713 0.422125
714 0.477017
715 0.517003
716 0.539196
717 0.558036
718 0.582892
719 0.611694
720 0.668552
721 0.683899
722 0.704589
723 0.757237
724 0.787257
725 0.822697
726 0.86059
727 0.914253
728 0.962282
729 1.00598
730 1.0769
731 1.19853
732 1.24391
733 1.27355
734 1.30707
735 1.30431
736 1.3028
737 1.32485
738 1.33384
739 1.36543
740 1.34652
741 1.35016
742 1.36962
743 1.39247
744 1.41248
745 1.42769
746 1.43172
747 1.44797
748 1.48767
749 1.51017
750 1.53405
751 1.51896
752 1.45938
753 1.45899
754 1.46522
755 1.44755
756 1.4132
757 1.40497
758 1.40051
759 1.39742
760 1.33874
761 1.31712
762 1.25926
763 1.25325
764 1.22886
765 1.22357
766 1.22096
767 1.18528
768 1.15931
769 1.165
770 1.15732
771 1.15007
772 1.1251
773 1.10946
774 1.12816
775 1.10557
776 1.11569
777 1.12934
778 1.10827
779 1.11205
780 1.0881
781 1.09472
782 1.06899
783 1.05761
784 1.04238
785 1.02754
786 1.02228
787 0.999192
788 1.00121
789 0.99591
790 0.971252
791 0.957905
792 0.916074
793 0.873418
794 0.838393
795 0.778767
796 0.780003
797 0.750402
798 0.755294
799 0.763255
800 0.78206
801 0.804679
802 0.81524
803 0.823595
804 0.855118
805 0.824318
806 0.837512
807 0.835161
808 0.88093
809 0.880538
810 0.881841
811 0.896875
812 0.886883
813 0.879837
814 0.874257
815 0.881246
816 0.889667
817 0.893094
818 0.893489
819 0.890976
820 0.900494
821 0.901477
822 0.88472
823 0.859984
824 0.8397
825 0.813492
826 0.83091
827 0.793381
828 0.819279
