87 87
4 -252
-149 -26
-25 270
0 174
-25 270
-149 -26
4 -252
87 87
-252 4
-26 -149
270 -24
174 0
270 -24
-26 -149
-252 4
87 87
4 -252
-149 -26
-25 270
0 174
-25 270
-149 -26
4 -252
87 87
-252 4
-26 -149
270 -24
174 0
270 -24
-26 -149
-252 4
87 87
4 -252
-149 -26
-25 270
0 174
-25 270
-149 -26
4 -252
87 87
-252 4
-26 -149
270 -24
174 0
270 -24
-26 -149
-252 4
87 87
4 -252
-149 -26
-25 270
0 174
-25 270
-149 -26
4 -252
87 87
-252 4
-26 -149
270 -24
174 0
270 -24
-26 -149
-252 4
87 87
4 -252
-149 -26
-25 270
0 174
-25 270
-149 -26
4 -252
87 87
-252 4
-26 -149
270 -24
174 0
270 -24
-26 -149
-252 4
87 87
4 -252
-149 -26
-25 270
0 174
-25 270
-149 -26
4 -252
87 87
-252 4
-26 -149
270 -24
174 0
270 -24
-26 -149
-252 4
87 87
4 -252
-149 -26
-25 270
0 174
-25 270
-149 -26
4 -252
87 87
-252 4
-26 -149
270 -24
174 0
270 -24
-26 -149
-252 4
87 87
4 -252
-149 -26
-25 270
0 174
-25 270
-149 -26
4 -252
87 87
-252 4
-26 -149
270 -24
174 0
270 -24
-26 -149
-252 4
87 87
4 -252
-149 -26
-25 270
0 174
-25 270
-149 -26
4 -252
87 87
-252 4
-26 -149
270 -24
174 0
270 -24
-26 -149
-252 4
87 87
4 -252
-149 -26
-25 270
0 174
-25 270
-149 -26
4 -252
87 87
-252 4
-26 -149
270 -24
174 0
270 -24
-26 -149
-252 4
0 -297
-185 23
-201 173
-219 -175
-102 -6
140 142
38 -242
31 -232
286 -67
41 -108
-154 -115
-27 131
-176 155
-124 -250
-75 -109
-187 69
118 118
8 226
-305 -43
28 111
111 46
90 -260
218 1
-8 101
49 184
201 -73
104 -219
166 113
-53 40
-157 184
211 75
228 -10
0 296
-229 -10
-212 75
156 184
52 40
-167 113
-105 -219
-202 -73
-50 184
7 101
-219 1
-91 -260
-112 46
-29 111
304 -43
-8 226
-119 118
186 69
74 -109
123 -249
175 155
26 131
154 -115
-42 -108
-287 -67
-32 -232
-39 -242
-141 142
101 -6
218 -175
200 173
184 23
0 -297
-185 23
-201 173
-219 -175
-102 -6
140 142
38 -242
31 -232
286 -67
41 -108
-154 -115
-27 131
-176 155
-124 -250
-75 -109
-187 69
118 118
8 226
-305 -43
28 111
111 46
90 -260
218 1
-8 101
49 184
201 -73
104 -219
166 113
-53 40
-157 184
211 75
228 -10
0 296
-229 -10
-212 75
156 184
52 40
-167 113
-105 -219
-202 -73
-50 184
7 101
-219 1
-91 -260
-112 46
-29 111
304 -43
-8 226
-119 118
186 69
74 -109
123 -249
175 155
26 131
154 -115
-42 -108
-287 -67
-32 -232
-39 -242
-141 142
101 -6
218 -175
200 173
184 23
0 -297
-185 23
-201 173
-219 -175
-102 -6
140 142
38 -242
31 -232
286 -67
41 -108
-154 -115
-27 131
-176 155
-124 -250
-75 -109
-187 69
118 118
8 226
-305 -43
28 111
111 46
90 -260
218 1
-8 101
49 184
201 -73
104 -219
166 113
-53 40
-157 184
211 75
228 -10
59 -178
78 5
133 -29
-49 -64
-317 91
-272 111
51 124
-111 242
-269 24
-113 43
-150 62
-66 -61
-57 -19
15 -178
271 205
107 27
0 -652
-108 27
-272 205
-15 -178
56 -19
65 -61
150 62
113 43
268 24
110 242
-52 124
271 112
316 91
48 -64
-134 -29
-79 5
-60 -178
-43 -146
278 82
152 -134
-53 27
85 257
-104 -162
28 -229
150 -144
-188 71
-70 211
-31 0
-76 136
179 65
-27 -23
-290 -17
0 -178
289 -17
26 -23
-180 65
75 136
30 0
69 211
187 71
-151 -144
-29 -230
103 -162
-86 257
52 27
-153 -134
-279 82
42 -146
59 -178
78 5
133 -29
-49 -64
-317 91
-272 111
51 124
-111 242
-269 24
-113 43
-150 62
-66 -61
-57 -19
15 -178
271 205
107 27
297 -55
25 48
-38 -167
128 -315
-12 276
107 185
48 153
-236 119
-107 -292
-77 101
-180 -93
-26 -333
187 48
101 -204
-159 -37
-96 107
-83 -97
-63 24
113 -59
-94 11
-58 -72
115 -148
29 37
145 -210
-120 -211
-346 81
23 74
161 -83
81 29
-35 79
-129 -223
-116 30
-115 127
-28 -144
21 73
-11 98
-28 151
96 186
142 115
-36 223
15 -130
92 -51
248 423
343 174
11 -62
109 105
48 61
-434 -290
-174 -197
86 50
-34 3
-24 123
96 9
175 16
-65 185
-100 -143
-9 -101
10 139
282 -37
-80 -33
-427 -17
66 -179
83 71
31 221
297 -55
25 48
-38 -167
128 -315
-12 276
107 185
48 153
-236 119
-107 -292
-77 101
-180 -93
-26 -333
187 48
101 -204
-159 -37
-96 107
105 82
154 -335
79 -207
-12 -125
13 18
251 375
280 99
116 55
13 -114
7 -48
20 301
191 -220
338 -180
-37 123
-29 135
247 148
-19 -197
81 177
217 221
27 -326
142 -112
127 35
-74 44
-87 -32
8 -31
-61 25
-245 -226
-224 -104
-116 -77
-59 -15
36 133
125 -89
-87 45
-155 -36
96 -67
-58 252
-35 108
14 186
-354 95
-222 -388
-123 -289
-196 -25
21 36
50 199
-61 237
-41 -25
260 2
149 149
-74 68
186 56
-157 -120
-200 -118
171 58
-134 40
-113 89
-82 -60
-192 -153
-72 12
-182 130
-37 -10
56 -202
-71 35
-10 57
9 76
105 82
154 -335
79 -207
-12 -125
13 18
251 375
280 99
116 55
13 -114
7 -48
20 301
191 -220
338 -180
-37 123
-29 135
247 148
