87 87
4 -252
-149 -26
-25 270
0 174
-25 270
-149 -26
4 -252
87 87
-252 4
-26 -149
270 -24
174 0
270 -24
-26 -149
-252 4
87 87
4 -252
-149 -26
-25 270
0 174
-25 270
-149 -26
4 -252
87 87
-252 4
-26 -149
270 -24
174 0
270 -24
-26 -149
-252 4
87 87
4 -252
-149 -26
-25 270
0 174
-25 270
-149 -26
4 -252
87 87
-252 4
-26 -149
270 -24
174 0
270 -24
-26 -149
-252 4
87 87
4 -252
-149 -26
-25 270
0 174
-25 270
-149 -26
4 -252
87 87
-252 4
-26 -149
270 -24
174 0
270 -24
-26 -149
-252 4
87 87
4 -252
-149 -26
-25 270
0 174
-25 270
-149 -26
4 -252
87 87
-252 4
-26 -149
270 -24
174 0
270 -24
-26 -149
-252 4
87 87
4 -252
-149 -26
-25 270
0 174
-25 270
-149 -26
4 -252
87 87
-252 4
-26 -149
270 -24
174 0
270 -24
-26 -149
-252 4
87 87
4 -252
-149 -26
-25 270
0 174
-25 270
-149 -26
4 -252
87 87
-252 4
-26 -149
270 -24
174 0
270 -24
-26 -149
-252 4
87 87
4 -252
-149 -26
-25 270
0 174
-25 270
-149 -26
4 -252
87 87
-252 4
-26 -149
270 -24
174 0
270 -24
-26 -149
-252 4
87 87
4 -252
-149 -26
-25 270
0 174
-25 270
-149 -26
4 -252
87 87
-252 4
-26 -149
270 -24
174 0
270 -24
-26 -149
-252 4
87 87
4 -252
-149 -26
-25 270
0 174
-25 270
-149 -26
4 -252
87 87
-252 4
-26 -149
270 -24
174 0
270 -24
-26 -149
-252 4
0 -297
-185 23
-201 173
-219 -175
-102 -6
140 142
38 -242
31 -232
286 -67
41 -108
-154 -115
-27 131
-176 155
-124 -250
-75 -109
-187 69
118 118
8 226
-305 -43
28 111
111 46
90 -260
218 1
-8 101
49 184
201 -73
104 -219
166 113
-53 40
-157 184
211 75
228 -10
0 296
-229 -10
-212 75
156 184
52 40
-167 113
-105 -219
-202 -73
-50 184
7 101
-219 1
-91 -260
-112 46
-29 111
304 -43
-8 226
-119 118
186 69
74 -109
123 -249
175 155
26 131
154 -115
-42 -108
-287 -67
-32 -232
-39 -242
-141 142
101 -6
218 -175
200 173
184 23
0 -297
-185 23
-201 173
-219 -175
-102 -6
140 142
38 -242
31 -232
286 -67
41 -108
-154 -115
-27 131
-176 155
-124 -250
-75 -109
-187 69
118 118
8 226
-305 -43
28 111
111 46
90 -260
218 1
-8 101
49 184
201 -73
104 -219
166 113
-53 40
-157 184
211 75
228 -10
0 296
-229 -10
-212 75
156 184
52 40
-167 113
-105 -219
-202 -73
-50 184
7 101
-219 1
-91 -260
-112 46
-29 111
304 -43
-8 226
-119 118
186 69
74 -109
123 -249
175 155
26 131
154 -115
-42 -108
-287 -67
-32 -232
-39 -242
-141 142
101 -6
218 -175
200 173
184 23
0 -297
-185 23
-201 173
-219 -175
-102 -6
140 142
38 -242
31 -232
286 -67
41 -108
-154 -115
-27 131
-176 155
-124 -250
-75 -109
-187 69
118 118
8 226
-305 -43
28 111
111 46
90 -260
218 1
-8 101
49 184
201 -73
104 -219
166 113
-53 40
-157 184
211 75
228 -10
177 -60
-153 -261
81 -69
-15 269
-221 0
-29 -149
6 164
8 172
-101 -11
47 16
136 88
-104 120
21 0
233 -174
197 -112
99 -33
0 -60
-100 -33
-198 -112
-233 -174
-22 0
103 120
-136 88
-48 16
101 -11
-9 172
-7 164
28 -149
220 0
14 269
-82 -69
152 -261
-178 -60
156 -47
301 103
-159 287
235 -1
56 -121
-106 38
255 -176
-18 -346
-79 -90
1 113
273 97
467 -1
72 3
-52 146
-56 81
0 -60
55 81
51 146
-73 3
-467 -1
-274 97
-2 113
78 -90
17 -346
-256 -177
105 38
-57 -121
-236 -1
158 287
-302 103
-157 -47
177 -60
-153 -261
81 -69
-15 269
-221 0
-29 -149
6 164
8 172
-101 -11
47 16
136 88
-104 120
21 0
233 -174
197 -112
99 -33
31 8
14 244
-46 -206
109 -196
81 -149
23 -72
54 -112
-12 -204
35 112
46 -1
115 -276
176 -316
88 -292
134 -137
-36 -93
-142 -82
-101 -24
-103 57
226 24
-19 3
-337 55
82 -44
-131 114
-319 228
229 47
279 7
-11 -48
12 -95
50 -96
-34 -105
84 -82
66 25
-197 100
-70 127
42 370
46 199
222 -38
19 93
-268 -41
-162 108
92 -76
208 -392
53 194
-22 223
46 -26
3 172
28 212
40 117
-101 -87
-33 -62
68 -71
-123 38
-188 276
-72 71
-83 -29
-222 -231
-139 -11
271 368
134 -64
-281 96
33 192
249 -41
-91 101
-178 -214
31 8
14 244
-46 -206
109 -196
81 -149
23 -72
54 -112
-12 -204
35 112
46 -1
115 -276
176 -316
88 -292
134 -137
-36 -93
-142 -82
-51 155
42 -236
80 -118
-20 -166
-154 -51
136 171
270 152
-42 251
70 34
89 91
79 185
201 -81
125 -56
56 23
-37 226
103 107
18 -133
11 176
371 30
146 -204
121 33
189 86
-149 37
-168 58
-89 146
36 64
-40 -148
-126 -135
-28 -147
-149 -143
140 123
255 209
-78 -28
-22 -105
-14 12
-55 161
-20 127
-129 -50
-224 -27
-142 -235
-53 -309
-162 10
30 27
246 241
17 219
-51 -222
166 -58
78 140
-147 78
191 -90
148 -221
-224 -155
15 -111
-202 165
-247 144
-29 -73
-405 -93
-179 -143
0 157
-76 -57
66 -311
-155 46
4 -90
139 79
-51 155
42 -236
80 -118
-20 -166
-154 -51
136 171
270 152
-42 251
70 34
89 91
79 185
201 -81
125 -56
56 23
-37 226
103 107
305 -74
54 -238
39 -92
-23 42
119 32
195 -25
192 147
-168 2
-413 -98
99 116
-123 -164
-297 19
44 177
-171 -158
-67 77
-31 -69
-147 -188
-1 147
-72 33
-121 175
-283 315
-192 -67
-46 -177
-107 126
131 160
64 -2
142 88
278 20
30 -8
95 -56
-56 -233
-161 -80
-14 -128
-36 106
-58 419
-342 -20
-183 -85
115 44
-136 -1
45 -21
175 -195
-146 -24
-115 14
121 -132
138 -25
-20 -93
-60 -106
60 -28
109 23
3 148
-29 58
32 -100
89 175
64 377
-143 -29
10 -90
215 -15
178 -286
287 -141
25 -81
-30 -72
128 151
-54 98
232 83
305 -74
54 -238
39 -92
-23 42
119 32
195 -25
192 147
-168 2
-413 -98
99 116
-123 -164
-297 19
44 177
-171 -158
-67 77
-31 -69
114 -101
238 -34
146 -39
-135 73
276 152
228 -70
-130 -92
88 -19
132 -63
-131 188
-99 188
27 -180
-149 -113
-5 19
190 -117
-18 -12
36 -23
-99 -86
-296 101
122 32
245 166
-112 298
-163 15
50 111
100 90
-19 -142
-56 -93
0 -118
-69 9
-20 233
95 260
-254 0
-170 -211
167 28
-132 57
2 -77
183 -99
180 -58
249 202
-176 97
86 -121
251 37
-221 127
97 96
32 95
-146 92
101 -39
-193 33
-275 114
-79 -51
-33 92
-143 -84
-122 -294
97 -8
-216 -82
-323 93
119 238
285 -210
-43 -218
-278 5
185 154
183 50
-130 -371
104 -351
114 -101
238 -34
146 -39
-135 73
276 152
228 -70
-130 -92
88 -19
132 -63
-131 188
-99 188
27 -180
-149 -113
-5 19
190 -117
-18 -12
-60 82
-14 -63
90 -244
3 -41
-57 -116
-92 141
-91 131
11 -119
-42 -29
-88 -149
-231 161
67 402
288 122
-108 274
-103 72
-153 -346
-64 -151
296 -40
27 21
-143 140
-44 46
-26 -7
116 -31
137 -113
-206 -106
-298 -99
9 -80
-145 107
-136 51
51 -179
-8 -29
268 43
77 -119
-134 -69
51 102
82 59
271 -256
-11 -103
-124 378
-4 149
-87 -191
376 -49
127 74
-156 -21
206 -182
-89 -10
-55 168
133 59
-138 150
-95 64
162 -72
24 134
-209 -5
280 -83
324 56
2 -47
150 68
-127 69
-93 -39
-70 66
-249 44
219 149
81 -91
-213 -332
-60 82
-14 -63
90 -244
3 -41
-57 -116
-92 141
-91 131
11 -119
-42 -29
-88 -149
-231 161
67 402
288 122
-108 274
-103 72
-153 -346
-105 -10
28 -69
-7 -144
-12 -59
246 -9
15 9
1 -135
106 -120
22 -25
-31 3
-158 112
68 153
-81 361
-112 292
232 10
-167 67
-46 -51
318 -1
-1 -43
-106 -209
-25 140
-43 -50
-125 -224
99 -33
144 -214
-60 26
121 -46
50 -297
86 79
63 -40
-225 -38
-55 192
-5 27
36 130
-212 33
-452 28
-13 385
59 62
163 -146
102 293
-114 317
130 -95
-104 -291
-75 -48
-13 150
-365 -45
-143 28
-28 263
-28 105
6 58
-17 21
42 -272
-27 -152
189 228
223 70
167 -315
202 -79
-120 280
8 -12
170 -257
-103 -8
-120 83
89 -228
82 -273
-105 -10
28 -69
-7 -144
-12 -59
246 -9
15 9
1 -135
106 -120
22 -25
-31 3
-158 112
68 153
-81 361
-112 292
232 10
-167 67
-78 265
-48 234
-16 -127
178 -131
-11 41
-183 -16
52 -39
115 -107
56 34
181 -93
-49 -222
-280 -150
32 -249
94 37
-24 -34
-94 -126
-147 132
35 -196
-189 -89
-251 46
199 -152
252 174
61 136
-120 70
25 196
6 55
-248 153
19 110
-114 -104
-119 -131
210 -121
-182 -33
-270 118
-218 251
-199 177
137 33
58 46
35 71
8 -68
-24 -295
126 -218
-175 -36
-105 -72
277 -16
160 139
95 60
65 -67
-137 24
-92 68
190 102
115 42
-40 -153
81 -46
-8 -7
-32 -26
61 -65
83 -160
184 149
-44 -12
-201 -211
176 175
404 70
95 69
-195 266
-78 265
-48 234
-16 -127
178 -131
-11 41
-183 -16
52 -39
115 -107
56 34
181 -93
-49 -222
-280 -150
32 -249
94 37
-24 -34
-94 -126
23 -28
-55 -198
6 82
9 87
-2 -93
202 -59
113 -129
-2 -82
-74 -224
-164 -94
12 172
-120 -124
-250 12
163 49
253 -165
-56 -67
-65 -142
130 137
31 133
-232 -266
-66 -12
290 205
272 125
-6 -45
-175 -107
-48 72
40 86
15 -50
183 -167
96 -123
-171 -79
-36 -9
50 9
-63 -183
-122 -150
-77 -352
49 -359
11 273
101 298
-73 46
-494 40
73 8
401 -41
-8 -80
175 7
23 -69
-173 67
209 260
-83 50
-308 56
-118 64
-348 164
-275 207
-31 -27
-68 125
241 96
375 106
-21 294
-35 15
175 6
182 108
134 -55
-110 -25
-138 117
23 -28
-55 -198
6 82
9 87
-2 -93
202 -59
113 -129
-2 -82
-74 -224
-164 -94
12 172
-120 -124
-250 12
163 49
253 -165
-56 -67
-78 182
318 118
68 234
-137 -127
-75 -91
-182 121
-71 -147
170 -271
29 -167
-337 -152
-118 -220
287 215
252 361
46 -119
-183 198
-192 321
-37 -224
-47 -174
-67 81
111 223
42 163
-287 12
-150 158
115 136
13 -39
-88 21
95 -69
120 -194
-95 224
75 205
86 -217
112 144
333 55
-122 -284
-124 70
160 -65
7 -226
144 -55
25 66
-13 178
-29 -109
-173 -153
138 8
30 12
-51 86
-86 -175
-293 -133
-98 127
-257 -51
-59 -7
278 8
41 -141
97 -67
94 -87
265 65
97 240
-343 -163
65 -226
92 104
29 -109
37 -88
-246 68
98 -68
37 181
-78 182
318 118
68 234
-137 -127
-75 -91
-182 121
-71 -147
170 -271
29 -167
-337 -152
-118 -220
287 215
252 361
46 -119
-183 198
-192 321
-279 -83
197 -98
24 -60
-6 -75
-58 -158
-238 -286
-128 -346
-108 -187
-18 43
15 -151
298 -2
235 291
-198 81
30 44
16 -76
177 -97
438 -14
55 -148
-79 38
-237 111
-58 128
109 154
-171 78
39 231
-150 99
-229 25
113 30
-80 -35
-95 107
-71 -107
12 -32
53 105
-33 -83
246 190
-15 89
-70 50
411 308
105 -118
-119 -194
138 95
182 230
36 347
-106 -73
47 -232
289 90
87 -108
-167 -112
68 116
91 -78
-45 128
131 103
-73 -361
-261 -134
-43 -170
-73 -212
-169 152
-15 28
-145 220
-296 164
253 -271
186 12
-265 71
115 12
-128 99
-279 -83
197 -98
24 -60
-6 -75
-58 -158
-238 -286
-128 -346
-108 -187
-18 43
15 -151
298 -2
235 291
-198 81
30 44
16 -76
177 -97
59 -10
95 167
43 152
193 281
167 265
32 273
67 60
60 2
6 177
-98 -44
24 -94
276 -98
-116 -16
-342 124
-90 -161
-142 -101
55 -41
200 -189
-53 85
57 196
189 -5
61 -179
60 -100
99 -66
-44 -273
-41 -121
72 -17
-212 -30
-191 33
131 -176
-143 -130
-322 -122
-170 -101
-104 319
213 9
347 -221
-115 222
-291 -10
11 -132
59 185
12 170
157 200
141 -19
-172 -178
-245 87
116 22
88 -66
-41 -18
91 114
-113 219
28 -93
245 -143
-60 -155
-155 -234
-228 54
15 28
208 108
-289 139
-108 -27
174 221
-145 -143
46 -372
158 32
-58 -88
59 -10
95 167
43 152
193 281
167 265
32 273
67 60
60 2
6 177
-98 -44
24 -94
276 -98
-116 -16
-342 124
-90 -161
-142 -101
214 -183
89 -18
35 209
171 -87
-77 103
9 134
92 -76
43 115
25 249
79 -37
152 -242
10 -107
273 13
166 24
-213 -37
39 232
-92 397
-118 -112
42 -133
-158 270
14 170
53 -142
-125 -226
64 -25
155 -23
-140 -47
-197 13
151 -87
211 104
140 59
137 -328
138 -207
114 91
-58 221
-94 140
-385 -189
-357 -185
189 110
-94 35
-261 67
-8 152
-223 -196
-156 10
145 256
152 69
75 261
0 -7
-190 -257
-165 22
-81 -83
-196 -63
189 114
199 239
-108 156
228 -122
34 -77
-174 -197
-193 -94
-322 62
204 -225
240 -151
-30 -244
-29 -120
-57 201
214 -183
89 -18
35 209
171 -87
-77 103
9 134
92 -76
43 115
25 249
79 -37
152 -242
10 -107
273 13
166 24
-213 -37
39 232
-14 347
116 75
213 -68
-117 -37
-108 -45
78 -72
-11 125
201 77
139 -242
66 100
165 343
-112 -119
99 -123
-63 26
-355 40
204 334
-28 50
-193 -162
138 4
-91 -383
46 -276
168 50
-12 -96
-2 -23
27 -116
60 -52
24 196
92 -8
29 -87
18 23
226 90
25 175
-78 219
87 102
127 29
-17 137
-199 -75
-80 -50
-102 116
-120 -211
-49 -106
-151 56
60 -89
149 71
29 209
39 98
-9 -205
-44 -162
-138 -32
-77 -224
-60 -127
-56 -214
113 -155
-168 218
-210 11
-64 -23
-302 97
65 -39
428 -145
65 -136
-159 328
-119 283
-42 -233
26 75
-14 347
116 75
213 -68
-117 -37
-108 -45
78 -72
-11 125
201 77
139 -242
66 100
165 343
-112 -119
99 -123
-63 26
-355 40
204 334
-5 -19
70 6
-39 -19
-136 -18
-148 65
61 -59
-73 115
48 64
175 -341
75 -99
226 135
-48 25
-228 211
150 401
314 157
185 -205
201 31
194 251
-93 -43
8 30
152 210
24 75
32 -140
-258 -203
-256 -93
53 -181
27 15
-12 91
-16 -215
286 203
228 349
-202 -144
22 -312
125 -321
43 -110
121 -123
-23 -175
-176 116
-179 56
-6 65
-12 157
-54 73
-18 143
-260 79
-202 -39
-44 -109
-161 -31
-16 72
146 4
39 99
113 -62
178 -78
-167 300
-162 136
-23 -15
-75 -64
164 -164
-183 77
-262 -63
234 -126
-104 77
-26 -237
151 -200
-207 90
-5 -19
70 6
-39 -19
-136 -18
-148 65
61 -59
-73 115
48 64
175 -341
75 -99
226 135
-48 25
-228 211
150 401
314 157
185 -205
-78 36
56 497
210 51
-12 43
202 70
110 -198
56 14
66 -41
-130 -142
114 -9
106 -49
73 40
115 -115
-7 -146
-24 200
-159 16
-101 41
-14 430
49 145
-82 -217
-174 -141
331 -38
40 -2
-311 -12
201 -32
206 13
26 -30
-68 -151
-203 -210
-264 -205
-221 31
-83 -50
-252 -403
-153 21
88 300
88 23
17 -22
-191 -279
108 -213
291 90
-72 -97
-234 102
-57 207
204 -97
-104 -46
-171 -17
80 -24
-124 5
-46 -78
-12 -172
28 -238
87 -4
-47 164
157 148
114 223
57 114
-38 13
1 -89
351 -24
-161 287
-175 76
209 79
-84 280
-20 -198
-78 36
56 497
210 51
-12 43
202 70
110 -198
56 14
66 -41
-130 -142
114 -9
106 -49
73 40
115 -115
-7 -146
-24 200
-159 16
68 -92
10 -38
137 239
4 166
75 115
82 -87
-491 -159
-285 -42
35 -57
-284 189
-90 -43
-120 -91
-201 435
185 190
117 -203
14 -50
0 306
-245 49
-292 -412
45 -75
274 -32
93 -48
-77 233
-185 112
37 21
302 -152
37 -92
-133 -3
-102 -231
46 142
62 207
-61 -188
-14 18
-165 15
108 -239
254 70
-122 299
93 154
41 192
-163 -64
-127 -309
-137 -21
80 -74
-117 -95
81 15
279 -87
-197 11
123 -77
128 22
-166 210
55 -49
-120 -74
-10 -19
99 -124
-15 -204
132 -15
17 234
21 89
34 8
15 -142
292 -148
219 99
44 -6
150 -25
68 -92
10 -38
137 239
4 166
75 115
82 -87
-491 -159
-285 -42
35 -57
-284 189
-90 -43
-120 -91
-201 435
185 190
117 -203
14 -50
105 210
123 85
108 -206
83 94
13 61
-48 -20
15 -180
162 -254
27 164
-118 162
-83 45
-98 240
0 175
-95 -27
-275 -108
-27 30
219 59
137 -222
-59 -57
-132 309
-106 173
15 109
68 142
-86 76
35 77
135 -151
-50 -185
-68 -145
-59 -203
-61 319
-132 358
-92 -39
77 191
-105 149
-8 38
175 114
-104 -122
-11 -121
247 -39
124 -120
46 -165
204 -179
57 -102
-262 -225
83 -305
210 21
-161 179
74 3
182 -60
-84 -97
-13 -194
-123 -131
-244 -78
97 -29
90 -67
-185 -144
-36 32
-68 -114
-103 -74
296 308
193 73
-192 106
-149 151
6 -126
105 210
123 85
108 -206
83 94
13 61
-48 -20
15 -180
162 -254
27 164
-118 162
-83 45
-98 240
0 175
-95 -27
-275 -108
-27 30
-51 -193
137 46
126 125
242 -162
173 -46
-66 -78
-60 61
16 150
93 100
-76 76
-199 -66
-194 102
-239 -64
-7 -27
6 165
-64 -334
210 -33
335 344
297 -77
-45 -248
-305 -336
-5 -153
162 93
154 67
139 149
11 89
55 -55
88 86
-64 215
-43 -26
204 0
220 139
68 -101
68 -34
-145 7
-279 -18
74 -13
152 -235
23 -14
166 13
34 -100
-218 93
-95 -85
-59 71
-232 246
-164 -47
7 -67
-109 -134
-156 -188
-36 -56
-140 -5
-18 151
-17 174
-381 -168
46 -46
289 309
-268 -77
-135 -44
171 151
-37 -297
-199 -33
-19 214
266 98
61 96
-51 -193
137 46
126 125
242 -162
173 -46
-66 -78
-60 61
16 150
93 100
-76 76
-199 -66
-194 102
-239 -64
-7 -27
6 165
-64 -334
95 201
-122 41
-28 58
309 -7
95 -41
39 67
-24 18
-18 105
-13 13
33 1
-53 69
-319 -192
38 19
52 162
-53 -32
114 115
-147 114
153 165
293 253
-14 -22
50 -164
-125 -178
-10 -163
185 -37
-46 130
-14 214
91 55
105 -14
167 64
52 -121
-210 -293
-136 -166
87 -110
128 14
35 259
-223 -5
84 -307
275 -160
-134 -29
85 139
122 187
-257 19
-154 -8
22 -31
-36 25
-41 97
242 -16
19 150
-183 160
81 -306
-100 -98
76 228
25 -184
-268 -150
67 -22
-222 -307
-284 -186
44 -68
59 -6
194 60
-61 -72
-40 50
-27 93
-185 122
95 201
-122 41
-28 58
309 -7
95 -41
39 67
-24 18
-18 105
-13 13
33 1
-53 69
-319 -192
38 19
52 162
-53 -32
114 115
-197 -37
412 18
125 63
7 0
54 -116
9 127
-24 130
-22 -54
-21 -177
-103 -224
2 36
-37 -76
-207 -205
-45 12
258 -242
222 -248
27 -5
82 -119
-57 131
-227 137
-141 -67
9 289
261 149
111 -183
-97 -120
113 -154
195 42
89 114
42 86
25 151
-141 -64
-86 84
31 91
-148 -96
-55 211
7 101
-41 -99
-164 -136
-229 -122
173 287
-53 140
-248 -78
32 24
-256 -130
-141 -56
173 -212
246 -215
265 214
-46 -14
-33 -152
37 98
1 20
-131 -122
-155 19
169 196
-106 -2
-13 119
107 513
-282 195
225 -191
49 -11
-189 181
334 -56
-228 -227
-197 -37
412 18
125 63
7 0
54 -116
9 127
-24 130
-22 -54
-21 -177
-103 -224
2 36
-37 -76
-207 -205
-45 12
258 -242
222 -248
141 18
-3 316
11 -117
-62 -66
-41 -40
2 49
-12 101
109 -35
94 -52
72 -68
35 60
-11 -67
80 -64
-122 66
-243 -84
39 12
63 -69
-149 -204
-172 -96
5 -58
103 -40
69 -100
29 -107
-126 -74
-88 131
92 188
67 -10
247 0
262 -117
-105 -89
5 -131
56 -98
-325 274
-84 -6
262 -8
-27 116
-54 -19
22 235
-213 -56
-110 7
-3 252
34 -40
256 67
-49 -5
-272 241
-14 313
12 -212
129 -13
45 68
-205 -58
140 -84
215 -37
-120 59
-200 -72
-161 257
-125 96
-224 -186
41 -27
349 -473
-20 -200
37 267
249 217
-79 156
14 -317
141 18
-3 316
11 -117
-62 -66
-41 -40
2 49
-12 101
109 -35
94 -52
72 -68
35 60
-11 -67
80 -64
-122 66
-243 -84
39 12
-60 9
169 -151
41 40
-16 267
-208 -103
-124 -120
-23 246
-321 168
-159 69
285 -178
223 -147
-49 -51
107 -423
41 34
-193 267
95 -168
-92 -15
-318 -102
29 -59
-116 142
-318 -48
-181 89
-93 112
100 63
195 107
-35 18
-249 75
-129 -66
12 -100
-91 110
-131 15
5 -73
96 63
85 119
75 129
115 217
165 -55
-93 -227
-188 131
249 84
67 -235
-307 -323
9 -123
114 92
-4 -130
94 -59
196 65
-10 -146
-92 -60
180 -13
-47 48
-81 148
249 20
162 11
99 172
-146 321
-31 -16
298 -351
62 -113
210 -87
66 -117
-173 113
183 159
-27 103
-60 9
169 -151
41 40
-16 267
-208 -103
-124 -120
-23 246
-321 168
-159 69
285 -178
223 -147
-49 -51
107 -423
41 34
-193 267
95 -168
4 27
153 257
28 95
-121 8
115 -76
64 -338
-205 -204
79 -235
60 -231
-26 -102
131 -142
81 54
-10 7
-153 161
13 268
13 -36
-192 77
179 -50
220 -42
27 81
96 -98
38 157
156 108
163 40
36 12
118 -279
110 -10
-62 -1
-268 -157
-83 19
94 101
-105 100
123 -64
133 34
-216 50
65 -45
-12 102
-247 64
18 136
-370 22
-463 -44
64 115
29 -168
139 -230
17 -115
-361 -12
-32 47
182 -57
137 68
-41 -65
-223 -33
-71 149
-19 -4
153 126
77 85
-115 95
146 225
110 26
210 28
175 -64
-217 -29
38 172
21 -33
-233 -183
4 27
153 257
28 95
-121 8
115 -76
64 -338
-205 -204
79 -235
60 -231
-26 -102
131 -142
81 54
-10 7
-153 161
13 268
13 -36
-78 -19
-187 -151
-221 -238
72 70
-9 16
-145 233
66 190
-12 98
17 177
74 -97
-219 -146
208 -222
627 -128
100 -41
32 -107
144 114
-247 -14
-158 -21
55 -4
-28 -81
-26 89
-142 -237
-57 -201
157 -4
-39 -283
-106 -100
70 124
105 225
78 150
18 -166
12 -78
-56 120
-124 182
133 229
180 249
-76 160
-28 135
65 201
68 103
117 136
-55 41
-212 -89
-106 -15
-56 -161
-129 -70
-99 174
-6 139
-18 -125
82 -224
229 36
-18 10
-150 111
170 88
187 -195
25 -10
109 -131
-71 -83
-306 -31
-111 -204
-67 217
-175 -64
102 -192
221 179
-19 -95
-78 -19
-187 -151
-221 -238
72 70
-9 16
-145 233
66 190
-12 98
17 177
74 -97
-219 -146
208 -222
627 -128
100 -41
32 -107
144 114
-23 -467
7 -169
-4 122
201 -100
-11 -122
-135 6
102 -71
-77 0
-111 93
174 -98
130 -205
24 -44
77 140
69 -74
70 -252
211 -57
36 -14
-218 126
-63 135
-75 -214
-133 -145
-19 2
7 -164
136 -166
222 42
35 72
-189 -29
-18 159
126 178
1 -98
109 106
-117 267
-288 -65
45 41
-26 303
-4 79
120 -121
-65 -263
16 -118
127 55
37 -314
-65 -115
27 125
133 -75
108 195
160 11
-3 -16
-28 319
54 -41
-81 101
33 217
-95 21
-198 240
69 17
85 144
183 344
-4 -262
-358 -371
-131 59
-23 270
-20 -76
82 -220
-171 367
-293 160
-23 -467
7 -169
-4 122
201 -100
-11 -122
-135 6
102 -71
-77 0
-111 93
174 -98
130 -205
24 -44
77 140
69 -74
70 -252
211 -57
59 -10
-161 147
-390 -60
-240 -124
0 -66
139 -38
133 26
39 -123
3 -122
31 137
11 122
12 -166
3 -173
151 -90
146 128
-92 337
-92 50
-202 -9
-30 -101
206 -67
55 268
270 -166
53 -249
-282 25
-54 -42
-139 152
16 43
143 -61
-111 -32
-84 -55
2 -28
66 -192
-96 -28
-162 32
98 231
143 227
31 -455
-92 -1
73 314
79 -58
-224 -25
-44 -301
222 83
96 257
-208 -163
46 179
316 -4
-103 -251
91 -14
134 -127
-243 -122
133 78
131 142
-87 -87
-25 -91
-64 -41
17 -178
22 100
168 167
20 133
-198 110
170 -28
29 266
-165 167
59 -10
-161 147
-390 -60
-240 -124
0 -66
139 -38
133 26
39 -123
3 -122
31 137
11 122
12 -166
3 -173
151 -90
146 128
-92 337
-51 -55
52 -18
-152 -118
-202 -46
-191 -79
-326 -22
-55 151
-78 41
-267 199
21 77
-149 -89
-101 -67
284 -192
-76 -129
-160 -30
112 216
9 31
45 -166
151 104
103 -149
107 -139
90 -48
-29 -147
-39 59
111 -8
103 172
-27 147
74 -134
216 35
-1 -4
-147 34
-5 9
68 -37
97 189
-118 227
-160 224
201 64
2 14
-198 -60
202 -88
321 257
32 62
-75 -83
181 48
154 65
-52 225
113 77
88 -40
45 -197
142 -178
-87 50
-210 -170
-46 -31
113 -125
-80 -387
-454 -89
-167 25
253 168
-58 -22
-232 -21
222 200
376 -225
40 -7
-165 199
-51 -55
52 -18
-152 -118
-202 -46
-191 -79
-326 -22
-55 151
-78 41
-267 199
21 77
-149 -89
-101 -67
284 -192
-76 -129
-160 -30
112 216
315 27
88 -213
-177 81
-11 -105
-16 -196
90 52
258 -166
-48 6
78 71
111 32
16 146
144 203
-118 271
-39 -175
-57 -50
-138 259
73 -115
-277 24
-89 213
177 180
-174 -5
-7 -239
-36 58
-147 218
68 185
-122 149
-242 16
-30 -75
-2 -48
-147 74
46 -80
188 -24
68 100
224 171
186 394
118 5
225 18
38 217
7 -300
15 -279
-97 -90
-80 54
-63 168
-12 -140
-89 -154
-151 -103
-63 -84
-39 54
128 23
257 -168
61 -232
3 21
72 35
-123 54
-101 72
-10 -69
-197 -131
-43 -522
11 -132
-144 378
-49 -145
-120 -144
-56 34
217 92
315 27
88 -213
-177 81
-11 -105
-16 -196
90 52
258 -166
-48 6
78 71
111 32
16 146
144 203
-118 271
-39 -175
-57 -50
-138 259
13 45
-177 125
45 -235
-34 -191
-216 106
-122 -37
79 42
185 123
-19 -28
-7 -8
48 166
65 246
0 -97
-291 -307
57 -7
248 159
-83 104
-87 76
-66 115
18 75
-110 -171
-97 -256
183 -117
-121 -53
-229 -12
-78 135
-24 230
47 75
-90 -125
-105 -161
-157 -123
-104 50
-32 136
-144 -81
-87 -55
-255 91
-46 -54
247 -37
-9 -39
145 3
91 302
-87 -5
166 -302
97 -45
-119 -41
-163 68
51 52
82 -191
-10 150
142 222
56 95
314 451
443 301
-91 70
-15 190
180 -287
-28 -483
77 -15
224 -19
-3 -125
-159 -142
-48 -236
29 -1
153 50
13 45
-177 125
45 -235
-34 -191
-216 106
-122 -37
79 42
185 123
-19 -28
-7 -8
48 166
65 246
0 -97
-291 -307
57 -7
248 159
-41 155
-45 -164
-82 -32
-82 241
185 42
86 64
-96 70
-17 -50
-3 15
155 215
126 134
15 -274
31 -231
46 212
185 143
-141 -142
-165 -124
379 -184
117 -72
1 134
384 88
98 208
-253 142
-159 -124
-119 -53
-115 174
-20 20
-124 -314
-97 16
56 147
-18 -116
232 -14
278 -138
-4 6
153 65
-20 -258
-305 -64
56 -99
274 5
-124 160
-345 -108
86 119
189 30
17 -219
64 43
-181 220
-156 208
29 141
-110 324
-1 -2
8 -265
-79 105
64 -214
22 -192
-51 -73
-10 -265
-10 290
-41 118
-202 -177
-254 91
36 -49
128 30
-35 -91
-24 -97
-41 155
-45 -164
-82 -32
-82 241
185 42
86 64
-96 70
-17 -50
-3 15
155 215
126 134
15 -274
31 -231
46 212
185 143
-141 -142
-42 109
-226 -130
-69 -91
-145 -76
10 4
57 236
124 220
129 -138
184 -30
235 108
-146 -210
52 -91
346 -18
111 -163
-71 -131
-66 -79
45 260
-87 146
56 -135
-12 92
-247 -49
280 -58
155 235
-143 197
42 19
-172 -52
-341 95
-344 3
-106 -5
-141 107
-139 -145
158 -43
-124 -19
45 -173
2 24
-99 -95
541 -151
2 4
-299 -67
77 -135
35 -191
316 -81
-50 66
-159 30
226 -99
-161 -94
-38 87
146 -93
-138 -242
6 -85
6 -112
-252 77
-160 341
-130 211
-169 56
172 10
140 90
120 182
171 -6
-425 -68
-175 120
324 -18
215 -39
319 256
-42 109
-226 -130
-69 -91
-145 -76
10 4
57 236
124 220
129 -138
184 -30
235 108
-146 -210
52 -91
346 -18
111 -163
-71 -131
-66 -79
114 -74
17 -204
-93 -328
40 -300
8 -218
-51 -173
195 -183
-110 -98
-242 59
58 2
-218 -34
-267 75
-100 139
94 65
161 120
-225 272
18 77
26 32
-214 -17
168 -347
-30 -58
-123 197
-42 -94
-157 -83
229 25
109 -31
-54 -72
328 -4
245 94
-39 -120
-2 -208
-47 158
-224 274
230 98
362 59
-114 -44
150 64
60 275
-264 -96
73 -196
204 105
169 -116
-60 -182
-80 184
61 248
-106 -44
-8 -152
-44 44
54 50
154 12
-174 6
41 -161
-20 -46
-218 258
160 209
48 -86
-10 -7
133 186
7 -93
116 -114
-25 139
-375 139
-203 180
77 108
114 -74
17 -204
-93 -328
40 -300
8 -218
-51 -173
195 -183
-110 -98
-242 59
58 2
-218 -34
-267 75
-100 139
94 65
161 120
-225 272
-42 173
-101 -172
-35 -284
82 41
62 133
-111 34
52 -24
-77 -175
-166 96
-57 57
-218 -303
-174 -25
147 -196
92 -364
-246 -36
87 13
338 214
-60 64
52 -193
257 -30
146 -47
39 23
-184 -4
-18 -42
308 49
27 43
-214 148
123 -35
190 -110
-6 -46
33 -319
-49 -165
-50 155
71 160
85 167
-217 341
-414 435
120 -29
28 -329
-178 -44
202 141
-184 175
-141 116
215 -101
103 -147
255 28
-54 84
-122 152
82 187
-126 148
8 182
65 -98
96 -84
84 60
-37 -291
-77 30
-163 224
270 -146
167 16
-199 -119
34 -208
-320 105
-182 37
276 103
-42 173
-101 -172
-35 -284
82 41
62 133
-111 34
52 -24
-77 -175
-166 96
-57 57
-218 -303
-174 -25
147 -196
92 -364
-246 -36
87 13
151 -156
97 -45
9 82
-42 19
16 37
-26 3
36 -46
-87 -136
-230 -93
-57 30
89 -160
117 32
-126 116
-75 -109
51 10
-313 -193
-9 -32
393 98
-30 -385
-226 -71
-163 60
-72 -157
224 40
121 -16
-213 102
-6 39
187 -197
-89 64
-103 -55
132 -233
129 134
228 101
415 -211
113 9
-136 57
55 -198
-65 -76
-109 138
37 448
-187 361
-210 -36
-124 100
-114 -49
19 -190
64 -48
21 -149
-194 76
-112 77
27 -5
-183 215
-115 29
-192 -65
-119 -22
158 36
-30 197
169 127
285 134
55 142
33 35
-42 -82
273 -162
261 22
-184 160
-11 15
151 -156
97 -45
9 82
-42 19
16 37
-26 3
36 -46
-87 -136
-230 -93
-57 30
89 -160
117 32
-126 116
-75 -109
51 10
-313 -193
-24 54
-140 -217
-30 86
4 226
-85 -11
22 -18
168 -26
20 16
-170 -191
-195 -223
-146 -127
120 -106
130 148
-164 -41
-11 -55
206 140
91 31
-69 234
147 253
539 88
182 -123
-132 -271
75 43
-95 223
-180 157
-19 -25
60 -11
43 -20
-110 -187
77 -77
243 -248
-74 -2
-307 146
-106 -416
-30 -14
-301 63
-35 -224
124 248
-186 105
42 -137
4 -29
-66 116
290 174
100 48
-77 318
-135 266
-106 -41
124 -73
-55 -197
-45 -233
-10 -216
4 55
448 173
229 42
-96 202
63 24
-95 -121
-18 74
81 72
-168 -88
-17 -97
45 92
-165 -57
-50 -28
-24 54
-140 -217
-30 86
4 226
-85 -11
22 -18
168 -26
20 16
-170 -191
-195 -223
-146 -127
120 -106
130 148
-164 -41
-11 -55
206 140
4 -165
297 -270
-57 -431
97 -292
-29 -303
-245 -136
-35 128
-132 240
-238 168
3 -225
162 34
-42 187
-75 -162
-38 -34
90 151
393 199
-19 -14
-39 -52
232 176
-270 51
-71 16
158 20
-148 122
-35 86
-20 -80
-14 134
-79 41
-138 117
-66 147
-154 -158
255 64
225 -76
-370 -110
-8 224
312 78
84 43
5 -84
-161 -61
-25 69
188 -184
-129 32
-56 316
234 11
-65 -214
-193 61
-83 201
-57 46
26 42
-19 -41
-101 35
-181 -1
6 -69
202 114
3 -258
131 -184
283 139
129 -86
-69 71
-113 -57
203 -166
4 62
-87 40
152 184
-243 36
4 -165
297 -270
-57 -431
97 -292
-29 -303
-245 -136
-35 128
-132 240
-238 168
3 -225
162 34
-42 187
-75 -162
-38 -34
90 151
393 199
-14 -28
-100 -25
121 67
102 56
-98 -37
77 -80
64 98
7 259
49 93
87 -71
172 88
-83 300
-163 141
-193 -90
-317 -349
122 -387
365 13
-31 -26
-275 -40
251 37
456 -224
-169 -5
-49 52
225 -58
-1 7
-82 -364
-217 -314
-133 59
-63 94
101 132
210 76
-201 -10
-60 173
-2 185
-68 -272
406 -80
107 319
-137 -15
146 39
-122 47
-177 34
139 260
92 -76
-42 61
61 33
-16 -250
-131 182
-6 45
-37 22
47 230
69 28
-89 160
45 14
-63 -63
-305 43
-186 -122
18 -26
30 -102
-45 -70
114 139
89 -50
-133 -163
-60 -143
68 -75
-14 -28
-100 -25
121 67
102 56
-98 -37
77 -80
64 98
7 259
49 93
87 -71
172 88
-83 300
-163 141
-193 -90
-317 -349
122 -387
32 -37
-127 11
74 168
260 24
-72 81
-63 -87
-202 -158
-153 149
99 64
-104 -134
144 9
164 92
3 -8
308 86
54 129
-129 -2
118 41
29 -64
-197 -187
-84 111
236 207
73 -114
-23 -165
354 -54
227 -28
-134 141
-65 23
-68 -143
-115 108
49 286
-38 342
99 170
370 109
21 140
31 -335
148 -252
-21 114
231 -44
129 -43
-167 -138
-283 -175
-278 -135
51 -190
-105 50
-202 -74
42 -189
28 74
118 29
-119 31
-303 83
-66 25
-96 155
-71 144
-35 -217
-154 -200
-56 140
65 -9
-185 88
-340 191
-77 -276
19 -138
178 -3
275 -128
78 86
32 -37
-127 11
74 168
260 24
-72 81
-63 -87
-202 -158
-153 149
99 64
-104 -134
144 9
164 92
3 -8
308 86
54 129
-129 -2
-88 127
-17 58
-127 -37
-134 -31
57 -17
-13 76
-54 108
20 -52
-37 55
76 201
184 190
-147 -7
-143 -338
-109 -161
-269 143
144 393
-92 370
-226 -113
334 -50
-111 -113
-148 -381
210 -105
-92 -149
55 -143
202 93
101 -12
-38 -123
-14 -3
157 264
51 135
369 -49
277 30
-206 -110
27 -50
21 193
-22 132
-58 -250
-180 -345
84 24
-13 -77
72 -184
210 94
-221 85
-106 55
163 166
-54 185
-106 -10
-51 -28
-128 123
-47 3
56 38
102 27
147 62
-104 286
24 -79
204 -299
-166 35
99 190
152 -8
-318 -232
-33 -22
113 -11
-32 -284
-41 -99
-88 127
-17 58
-127 -37
-134 -31
57 -17
-13 76
-54 108
20 -52
-37 55
76 201
184 190
-147 -7
-143 -338
-109 -161
-269 143
144 393
-33 -128
-2 -170
-29 -141
-156 -140
-25 -29
24 -50
12 182
106 21
56 -130
12 106
-161 -123
-160 -109
-48 21
-88 53
201 360
304 216
54 4
-116 71
-4 111
283 130
11 -102
-96 -212
132 -143
-60 -160
3 -14
96 51
-38 -50
-5 -42
93 -56
132 -2
-90 107
-47 -99
123 -238
128 -61
228 45
-180 79
-233 -27
194 -147
45 -95
240 -85
217 19
-322 177
-113 177
-88 44
-257 -3
123 -7
36 -168
-109 -39
219 68
44 4
-127 75
147 -136
-11 46
-206 242
17 -68
45 255
-132 342
-52 -78
19 -171
-259 -140
-191 73
120 16
8 41
-67 197
-33 -128
-2 -170
-29 -141
-156 -140
-25 -29
24 -50
12 182
106 21
56 -130
12 106
-161 -123
-160 -109
-48 21
-88 53
201 360
304 216
159 164
-89 -128
110 20
35 -55
-15 -86
310 110
111 172
-259 73
-119 -128
55 19
23 188
15 0
-75 -190
35 -174
78 -21
-54 -20
54 31
-221 224
-166 194
57 -6
-306 -148
84 -138
96 -95
-450 -82
-94 -136
168 -97
161 70
-34 -46
-60 -119
11 44
-227 220
115 314
-106 55
-318 25
265 195
6 8
-8 14
-91 104
-289 -69
407 -258
81 -147
-297 144
57 119
-103 118
-66 119
-123 -122
-229 -162
-29 -102
-74 -32
1 92
89 145
-13 61
-2 -2
105 108
229 5
205 -111
94 -103
274 -157
263 -132
-270 -210
-56 -30
381 87
8 -127
71 161
159 164
-89 -128
110 20
35 -55
-15 -86
310 110
111 172
-259 73
-119 -128
55 19
23 188
15 0
-75 -190
35 -174
78 -21
-54 -20
150 -64
226 -126
142 0
-65 30
-151 91
139 140
-6 7
-118 -56
37 -268
-78 -41
-61 61
-23 -125
-141 160
7 -103
83 -188
-185 38
-129 -60
-99 121
-286 -161
56 -219
146 28
-31 -114
80 89
-77 43
-42 -2
154 -5
-2 -189
-124 -29
39 -166
14 -45
-274 71
68 -130
141 283
-122 173
335 -249
199 -108
-26 53
108 262
-98 294
78 206
17 139
56 -84
126 -224
-326 -139
126 -22
218 87
-276 185
76 -98
127 -14
-55 341
3 -42
3 -153
65 -65
135 -79
132 170
13 188
133 276
21 21
-332 -151
-37 231
229 -84
29 -265
-303 27
-276 20
150 -64
226 -126
142 0
-65 30
-151 91
139 140
-6 7
-118 -56
37 -268
-78 -41
-61 61
-23 -125
-141 160
7 -103
83 -188
-185 38
123 283
-39 -222
68 -183
301 -3
49 -50
69 -25
287 24
65 15
19 176
-28 229
-37 1
200 -215
158 -424
78 -131
-113 78
-113 -229
-74 -33
-249 78
298 -46
152 36
-520 -108
-48 8
67 340
-99 301
73 -94
3 -236
-63 134
-289 55
-207 -225
181 -46
104 54
-111 -3
-51 9
165 139
161 186
88 -40
-71 -121
-145 170
209 188
107 -130
-221 -49
-189 16
-77 -29
7 117
-173 55
-43 39
104 -45
-147 -72
0 32
80 -158
32 99
76 202
-45 -89
-18 -22
60 -143
199 -31
54 -35
-257 -212
-92 54
-135 -207
-146 -67
138 365
11 12
-17 195
123 283
-39 -222
68 -183
301 -3
49 -50
69 -25
287 24
65 15
19 176
-28 229
-37 1
200 -215
158 -424
78 -131
-113 78
-113 -229
-224 -211
100 -129
127 199
97 -52
-26 -150
-97 76
-186 151
-275 150
-7 167
-67 173
-66 106
-71 90
-174 125
196 50
19 86
-113 1
137 -133
118 -62
230 -220
-9 -143
-28 127
169 41
-35 57
17 97
-129 107
-122 75
71 -49
-208 126
-252 188
-174 28
-48 67
182 73
187 -211
-89 -272
-212 56
218 -95
103 -153
-161 209
114 193
-61 357
-103 290
35 -161
-51 -191
17 -202
42 -46
88 35
-28 -6
-68 61
9 -143
-146 181
18 284
105 -244
-51 -119
-7 -124
34 -215
164 -94
201 -236
-9 -89
-49 -116
127 -137
16 98
13 -186
346 -115
16 149
-224 -211
100 -129
127 199
97 -52
-26 -150
-97 76
-186 151
-275 150
-7 167
-67 173
-66 106
-71 90
-174 125
196 50
19 86
-113 1
32 82
186 145
52 103
-2 -16
206 77
68 -57
-150 -28
16 -133
-116 -186
-189 177
-99 -72
-151 -274
-22 -20
-13 -26
-24 74
-57 -148
-74 -435
58 48
-110 149
-54 113
91 522
-195 167
-183 -212
75 -21
-75 -46
-135 -5
366 -148
356 -232
5 35
11 -80
-252 -65
-142 70
132 9
137 72
326 36
-19 39
-108 5
247 25
146 24
40 -177
-123 130
-19 206
33 -43
-237 180
-46 59
95 -155
82 -41
-51 22
-165 13
54 -121
90 -128
135 -115
-45 -130
-233 -154
-123 -197
-190 -3
165 64
183 211
-149 320
206 83
134 107
-117 -21
-13 -70
-78 168
32 82
186 145
52 103
-2 -16
206 77
68 -57
-150 -28
16 -133
-116 -186
-189 177
-99 -72
-151 -274
-22 -20
-13 -26
-24 74
-57 -148
-316 27
64 102
117 97
-92 -48
37 43
45 40
-149 -205
-69 54
106 292
-158 -3
-201 -69
160 -23
12 -135
-112 9
193 63
89 -166
-74 -105
-112 157
-333 294
-121 163
92 -35
-89 111
-102 75
-117 -78
-55 42
23 -24
-49 -31
84 -2
65 -49
-2 34
227 50
110 281
-216 173
-44 -244
178 -58
-6 -22
-130 -77
-43 44
36 -74
-214 68
-418 91
4 -168
37 -70
-61 -14
253 -311
-57 -374
-19 -75
291 -45
18 13
222 113
243 -210
33 -131
73 104
-110 -40
166 -151
237 -302
-74 48
15 520
4 189
84 -73
-112 17
-240 9
376 21
169 37
-316 27
64 102
117 97
-92 -48
37 43
45 40
-149 -205
-69 54
106 292
-158 -3
-201 -69
160 -23
12 -135
-112 9
193 63
89 -166
-51 45
-42 -27
197 38
116 39
-100 -221
-204 16
34 106
-62 -2
-78 17
276 -136
-161 -64
-159 114
306 275
-72 143
-138 -144
-14 22
-10 40
249 26
142 130
-30 99
-101 113
-59 -54
100 -84
-127 62
-171 158
-27 210
-63 107
71 87
46 -65
-190 -234
-169 -289
72 -199
13 82
-70 -24
370 91
209 123
-346 -235
-26 -31
258 -96
196 -33
-33 256
-317 -66
108 17
175 79
-201 22
53 30
-63 -270
-245 -103
45 -169
-41 -235
-39 191
149 -69
70 -208
-119 169
-182 241
-13 67
-86 -68
-37 -10
321 -75
193 -218
-44 -51
-114 215
11 94
193 -77
-51 45
-42 -27
197 38
116 39
-100 -221
-204 16
34 106
-62 -2
-78 17
276 -136
-161 -64
-159 114
306 275
-72 143
-138 -144
-14 22
-197 128
171 -165
127 111
-12 289
40 147
55 88
150 5
48 -54
139 -30
-37 -22
-126 141
111 119
-142 35
-106 251
-19 135
-217 -120
-28 -133
175 -159
70 -78
-118 82
-80 103
-112 18
-45 44
161 -77
-32 -325
47 -201
49 -139
-246 -237
-39 -215
67 -30
-96 172
-105 -53
105 -110
75 52
-91 103
177 170
112 -139
-33 -65
46 178
30 -142
262 -154
87 -57
-98 36
32 -68
-75 -275
134 99
203 6
-77 -178
-138 4
-50 -127
-52 107
-134 245
-1 34
-222 -91
-438 18
-103 543
104 250
167 -227
-29 155
61 94
107 -205
-283 -247
195 -121
237 257
-197 128
171 -165
127 111
-12 289
40 147
55 88
150 5
48 -54
139 -30
-37 -22
-126 141
111 119
-142 35
-106 251
-19 135
-217 -120
4 18
-333 83
66 -4
188 10
-112 -63
-128 -74
-15 -88
52 7
22 102
316 -129
24 -127
-178 -142
222 -101
29 148
97 -192
-6 -170
-174 141
197 -138
42 -63
31 -59
154 -155
255 99
246 -52
-78 15
151 196
-14 114
-234 295
71 120
-86 -31
-115 28
51 -162
171 38
123 146
170 55
337 101
-43 -120
122 -102
260 -147
-251 -284
-215 127
-114 134
-20 -92
-15 43
-163 -18
-137 41
-161 211
-4 73
27 -71
82 -160
-49 -263
-288 -150
22 46
-92 -10
-37 2
189 58
17 -48
-23 151
-468 150
-82 -171
369 -40
-294 126
-200 237
-24 277
20 5
4 18
-333 83
66 -4
188 10
-112 -63
-128 -74
-15 -88
52 7
22 102
316 -129
24 -127
-178 -142
222 -101
29 148
97 -192
-6 -170
105 73
264 -3
29 -57
-192 64
46 -6
73 75
-36 114
72 -107
54 -295
-36 26
-12 98
-88 -199
-125 106
153 83
189 -146
-99 -39
45 -87
243 189
-104 74
-331 -216
-34 107
191 54
127 -14
-38 27
-178 0
68 191
209 99
-69 -19
-20 -87
-55 17
-271 211
-14 -20
77 -1
-134 4
-151 -15
-128 283
-109 48
11 -73
123 120
149 119
164 294
-37 141
-314 -224
-155 -219
129 -27
168 125
41 -25
66 -82
210 50
57 -37
130 -129
296 -364
22 -479
68 -121
137 -66
-243 -12
-262 329
-43 153
-83 4
-137 102
-132 115
-121 194
-21 -196
27 -350
105 73
264 -3
29 -57
-192 64
46 -6
73 75
-36 114
72 -107
54 -295
-36 26
-12 98
-88 -199
-125 106
153 83
189 -146
-99 -39
-60 -137
-101 289
-114 66
58 -41
-10 42
-192 -221
20 -93
324 20
-26 -119
-202 -286
220 -155
9 360
-267 347
130 -40
86 15
-192 242
-64 13
-43 -175
7 -16
159 -8
14 103
-188 184
-9 200
305 141
72 -86
-82 84
169 -53
-23 -86
22 277
225 -60
-149 -64
-153 -45
77 -339
76 -136
88 -167
-2 84
-144 178
-297 -330
-100 -198
155 -6
7 81
42 130
80 -142
-56 -186
56 -33
315 170
277 149
112 62
265 95
-65 -13
-356 84
66 80
-118 -142
-242 -99
-58 121
-200 113
91 -170
5 -54
-171 161
255 55
77 -118
-121 -182
2 86
-92 -61
-60 -137
-101 289
-114 66
58 -41
-10 42
-192 -221
20 -93
324 20
-26 -119
-202 -286
220 -155
9 360
-267 347
130 -40
86 15
-192 242
159 -55
-123 96
122 -193
183 -38
-1 -171
220 -367
123 -136
-167 32
-141 33
217 1
289 212
-19 35
216 -222
57 -4
-345 95
283 52
201 -97
-308 -34
56 65
-72 130
-173 261
-16 -102
-199 -66
76 265
46 259
-141 367
93 213
-15 109
45 -9
-47 -158
-242 -58
26 -232
-69 -92
23 152
128 132
-126 -46
24 -368
-34 6
-72 168
-28 -58
-225 -89
15 -297
102 87
-48 180
-90 -183
-111 155
85 101
-52 -225
-183 -51
-35 20
-87 -41
37 233
222 312
176 60
-45 184
-74 -40
208 -278
193 -135
98 -186
4 358
-101 303
-92 -351
-259 -146
-16 -178
159 -55
-123 96
122 -193
183 -38
-1 -171
220 -367
123 -136
-167 32
-141 33
217 1
289 212
-19 35
216 -222
57 -4
-345 95
283 52
13 9
-22 44
-127 159
-307 202
-108 213
-135 270
-348 35
-142 101
42 109
-83 -77
15 87
400 -38
20 144
-253 93
159 -437
-34 63
18 96
246 -295
-79 35
26 30
171 -36
-14 -91
-78 -67
-9 24
-42 -277
-105 -85
-6 168
-75 -34
29 21
-8 163
-292 134
51 164
187 228
169 -187
175 -473
-158 -180
71 -55
76 87
-236 184
82 92
268 -91
68 -197
-182 87
25 -100
302 -204
-57 135
-178 -90
75 -63
109 31
72 -157
55 -23
-203 -25
-209 -14
304 -54
143 -156
-258 37
-87 39
25 -2
145 29
119 -44
86 74
149 200
-53 26
-38 -89
13 9
-22 44
-127 159
-307 202
-108 213
-135 270
-348 35
-142 101
42 109
-83 -77
15 87
400 -38
20 144
-253 93
159 -437
-34 63
160 146
-118 11
-276 48
15 173
-77 -28
-39 -13
118 -146
-2 -8
44 166
-118 -46
-93 -53
157 111
-90 326
-159 349
-196 48
-232 -89
155 59
217 -48
-56 -153
-180 195
-44 218
-46 -11
-149 -65
121 -200
18 -225
-249 -77
-93 4
4 -171
146 -112
84 144
-211 45
-144 15
168 36
197 108
-95 -8
-32 -83
93 324
1 -49
80 -162
-9 255
102 -203
344 -64
5 126
-211 -229
-37 -194
-33 -218
-22 11
263 78
246 86
129 186
312 -150
-92 -40
-302 -77
57 -189
-246 -1
-128 -57
347 78
-63 -227
-295 -185
-113 195
89 -169
373 138
182 194
-10 -153
160 146
-118 11
-276 48
15 173
-77 -28
-39 -13
118 -146
-2 -8
44 166
-118 -46
-93 -53
157 111
-90 326
-159 349
-196 48
-232 -89
-353 -46
-274 176
-22 42
-4 -208
-81 -41
36 121
-53 -5
51 141
216 131
65 -41
-159 47
-274 -97
76 -244
-61 -300
-253 -76
291 414
27 159
-296 -190
-98 -95
-176 -162
-10 -98
37 0
-27 -112
-40 -107
-124 30
-29 26
-92 -40
66 108
18 32
-314 -264
123 -145
255 -11
-14 -192
98 -208
47 -20
51 167
42 310
-21 201
244 34
301 100
93 125
-122 95
-188 80
71 29
-8 9
-164 18
152 115
37 90
-64 4
164 56
-70 134
6 243
48 83
-112 -19
402 19
338 -311
-78 -287
85 -108
140 -78
43 209
-234 18
-122 -157
287 93
0 -28
-353 -46
-274 176
-22 42
-4 -208
-81 -41
36 121
-53 -5
51 141
216 131
65 -41
-159 47
-274 -97
76 -244
-61 -300
-253 -76
291 414
242 -156
-117 -56
-141 -78
162 -145
-42 -52
-28 78
-83 61
-56 -26
96 48
130 134
-41 20
-290 -219
117 56
169 500
53 193
300 47
-28 241
-17 216
122 132
-66 -193
17 -106
27 123
23 -179
-142 -79
-214 141
-70 47
-53 52
-44 133
-111 19
92 -337
94 -285
-27 -68
-42 9
-389 130
-80 45
-47 121
-298 42
248 -85
29 130
-173 -62
141 -49
123 -52
244 -354
158 -1
169 200
184 182
-6 101
-2 -215
-138 14
-212 60
-228 -93
82 31
211 -215
-180 -221
66 9
28 -67
-207 -33
229 -35
248 -21
-53 133
-69 -21
98 -107
-107 114
-129 18
242 -156
-117 -56
-141 -78
162 -145
-42 -52
-28 78
-83 61
-56 -26
96 48
130 134
-41 20
-290 -219
117 56
169 500
53 193
300 47
-5 45
-440 -11
-231 119
-19 -56
123 53
47 19
130 -20
224 36
5 -11
106 42
198 -326
113 -200
55 86
133 -171
203 55
-75 -4
-74 22
131 322
101 11
-61 72
-92 -28
207 -309
23 6
-258 -34
-1 -146
33 -48
-60 -92
-100 -12
-233 136
-327 77
-20 -128
169 116
-270 301
-89 -131
150 -180
-100 30
55 73
-36 237
2 -46
127 -325
-79 47
121 61
-11 -54
-164 230
80 259
43 201
111 -31
81 -230
18 32
88 1
-42 -5
33 101
-15 -27
-421 70
-227 26
345 -164
109 -294
-121 -102
109 159
-157 -202
-124 29
79 320
-4 -85
275 48
-5 45
-440 -11
-231 119
-19 -56
123 53
47 19
130 -20
224 36
5 -11
106 42
198 -326
113 -200
55 86
133 -171
203 55
-75 -4
351 -73
-133 -59
-311 20
62 -226
-40 48
-139 -38
-155 -379
-199 -44
-14 187
-22 139
11 -106
82 -101
-137 181
-97 123
-46 54
-16 2
73 132
-306 258
-320 -88
-13 -334
-56 -329
100 -107
62 92
-96 114
197 153
213 10
37 18
153 96
51 -33
23 -107
338 -135
23 -14
-206 91
216 200
-59 71
-167 -353
304 -77
212 193
-13 -99
-247 34
-60 232
255 1
-14 -135
186 50
147 83
-146 -77
149 -98
-44 -92
-37 -115
228 -249
37 -199
112 8
10 -10
-74 162
48 285
-129 212
-16 121
74 -84
-117 -24
-121 17
11 -14
28 67
-240 129
-32 186
351 -73
-133 -59
-311 20
62 -226
-40 48
-139 -38
-155 -379
-199 -44
-14 187
-22 139
11 -106
82 -101
-137 181
-97 123
-46 54
-16 2
-106 45
41 158
110 -65
-23 -136
113 -113
-158 -120
5 241
248 167
-112 224
-54 340
-87 -157
-284 1
103 162
145 -232
-156 -303
57 25
100 333
-31 -30
121 -151
-5 147
-14 38
148 0
-135 -14
-123 -4
232 12
160 113
-42 221
-39 -190
30 -116
228 194
285 -20
64 -124
178 -174
219 -105
-32 -59
92 87
84 148
-161 -293
-244 -264
-222 -99
-145 50
-298 279
-211 -21
103 122
73 238
38 -162
11 -200
-39 -211
-28 -60
60 106
64 -7
-16 -13
107 -2
-157 144
-113 207
292 -57
-124 -214
54 -46
293 89
-194 90
-62 153
-243 -61
-315 -237
82 -105
-106 45
41 158
110 -65
-23 -136
113 -113
-158 -120
5 241
248 167
-112 224
-54 340
-87 -157
-284 1
103 162
145 -232
-156 -303
57 25
-115 -202
-77 153
-123 339
-68 131
44 132
50 -81
-231 -83
-174 36
37 126
-157 -12
97 -162
18 157
-263 56
84 184
-108 271
-53 -286
310 -23
241 -22
177 -235
-303 197
-347 -49
-16 -109
9 137
203 -105
27 -29
-8 -12
118 -216
-12 -5
248 78
277 -172
154 -91
240 -85
132 -202
-126 73
-118 0
184 -51
-223 188
-423 24
190 109
60 173
-202 -126
-72 -21
-2 219
101 10
106 -326
212 -83
57 154
-104 -53
182 -15
171 47
-5 -106
-56 -250
12 -200
126 -83
-58 -49
-121 98
137 29
171 27
-75 158
-119 87
-94 117
-167 -67
-90 -13
-98 85
-115 -202
-77 153
-123 339
-68 131
44 132
50 -81
-231 -83
-174 36
37 126
-157 -12
97 -162
18 157
-263 56
84 184
-108 271
-53 -286
-60 201
-16 -26
24 67
-111 369
-98 42
-49 -52
-22 -138
-85 -61
-103 -104
-159 -48
-102 327
116 30
-109 50
-26 200
228 -126
-194 -123
-55 -41
389 190
220 176
264 -161
138 -119
-324 56
-98 57
93 -90
-125 32
40 -17
55 -205
-77 52
59 -31
73 -37
58 194
-177 75
-307 -74
82 -272
170 -143
-34 47
-235 -111
-284 -156
-54 -102
39 -74
175 -98
313 204
120 246
-124 -169
-114 31
-33 108
-130 -66
13 -15
128 -88
43 -64
61 -2
-165 72
47 -105
296 -142
-78 93
130 -50
270 168
-84 184
-113 40
32 222
235 -198
25 -135
-200 12
-21 -132
-60 201
-16 -26
24 67
-111 369
-98 42
-49 -52
-22 -138
-85 -61
-103 -104
-159 -48
-102 327
116 30
-109 50
-26 200
228 -126
-194 -123
205 -202
33 209
233 -179
11 -29
-237 12
-116 -110
30 163
-118 108
-168 -80
96 -321
-53 -61
-142 8
68 -263
20 52
122 -114
204 -114
-28 104
-91 -53
28 229
-145 40
-296 -142
118 31
211 -112
-172 70
-179 -21
-23 -284
114 -4
145 308
78 101
83 -123
123 223
227 61
14 -55
-100 283
207 64
105 106
-20 120
57 106
-61 240
15 -272
58 -177
-26 244
101 148
119 123
-31 74
-109 273
-58 191
37 -181
27 -32
44 -107
65 -225
-8 152
39 119
-6 -177
-43 -46
70 -143
-224 -273
-312 -174
-41 -195
-128 211
-42 122
-114 -150
-255 255
211 -162
205 -202
33 209
233 -179
11 -29
-237 12
-116 -110
30 163
-118 108
-168 -80
96 -321
-53 -61
-142 8
68 -263
20 52
122 -114
204 -114
150 63
-387 -130
-47 -311
-63 -99
-171 187
18 -93
-7 -53
78 256
-119 106
-14 76
21 176
-183 53
-12 -14
-299 -101
-44 -157
376 -50
0 -115
-125 -32
-282 112
-79 -163
91 -192
-170 -32
62 11
27 187
-67 101
-20 -52
-77 59
128 95
51 -49
-57 -61
2 39
56 -29
68 191
45 39
109 -451
-155 89
15 251
257 -83
-73 60
221 -188
301 -107
-2 18
34 -133
-120 211
-40 57
207 -34
218 179
-10 -167
-74 -252
161 -139
-98 -2
-217 193
63 9
15 -158
-22 -116
95 -52
30 -138
-110 -98
117 178
202 138
0 40
-112 141
-214 254
223 249
150 63
-387 -130
-47 -311
-63 -99
-171 187
18 -93
-7 -53
78 256
-119 106
-14 76
21 176
-183 53
-12 -14
-299 -101
-44 -157
376 -50
68 -193
39 36
-1 64
-154 113
-34 -65
123 -222
-63 -72
-166 -186
-85 -86
70 -15
279 52
2 -66
-99 -338
116 187
-149 138
-145 -228
-92 22
-98 -198
157 -175
-156 124
-323 230
-96 274
127 -30
448 -58
85 -57
-173 -90
123 161
-127 212
-196 236
210 115
-12 94
-188 164
223 -138
69 -54
20 8
304 -255
-112 -48
6 49
245 -114
-122 -4
12 49
-28 -1
-92 15
57 49
-62 193
15 99
4 -115
150 106
91 196
-289 -15
73 -141
172 -32
-82 174
-76 -18
-145 -144
26 -276
-12 -309
-102 325
95 304
-7 -35
-120 -19
-84 -186
62 93
191 73
68 -193
39 36
-1 64
-154 113
-34 -65
123 -222
-63 -72
-166 -186
-85 -86
70 -15
279 52
2 -66
-99 -338
116 187
-149 138
-145 -228
-288 118
-91 72
74 -215
-44 -169
167 11
208 2
40 -58
293 -70
290 40
48 -46
165 -15
146 109
47 -218
-114 22
-122 289
93 -68
-74 -78
-64 -195
10 -21
-36 215
95 -255
-129 -223
-68 -69
233 -18
67 78
50 -259
160 -199
29 37
-174 192
-84 220
76 -106
-41 -67
-133 -174
-133 -192
53 120
-44 -128
-254 -16
144 312
212 200
8 239
38 214
-80 213
-129 146
-54 -108
101 -18
63 29
66 -120
121 22
-202 169
30 -4
188 -67
-215 24
-156 -35
-158 8
-211 84
-186 -29
-68 -6
141 221
-233 248
-106 99
244 116
-132 -41
4 -372
86 -241
-288 118
-91 72
74 -215
-44 -169
167 11
208 2
40 -58
293 -70
290 40
48 -46
165 -15
146 109
47 -218
-114 22
-122 289
93 -68
59 73
39 -244
-76 -234
-157 -87
-115 -100
-257 324
-34 385
-85 -35
-161 32
52 17
-230 -132
212 24
568 88
9 23
135 -1
29 36
-375 68
-37 24
111 -13
20 52
-176 84
-433 -25
-120 -71
116 -134
13 -94
65 81
-44 -15
2 -40
181 56
-43 17
-3 4
100 28
32 91
279 -118
237 -190
49 66
162 -78
222 -194
33 -194
-143 -111
142 168
171 0
8 -28
209 137
22 56
-75 75
31 -51
-127 21
-46 59
-63 -188
-223 39
-140 47
16 -54
-69 226
-183 150
20 57
-32 -36
59 -220
212 -16
-148 -78
-5 -274
74 46
-155 215
36 154
59 73
39 -244
-76 -234
-157 -87
-115 -100
-257 324
-34 385
-85 -35
-161 32
52 17
-230 -132
212 24
568 88
9 23
135 -1
29 36
260 73
255 152
146 289
-153 204
16 80
230 57
-62 127
119 -41
186 -335
-53 -74
50 4
-127 -113
-169 152
170 -45
224 -328
141 -166
-46 -60
-59 138
156 99
-55 -49
-111 180
102 44
-111 -119
-16 -2
232 -259
28 -167
-75 143
-157 -57
-67 6
35 231
-114 113
53 50
-60 91
-190 24
152 -52
74 14
-95 23
-43 -32
92 -6
37 71
-260 188
-35 81
0 6
-241 20
-102 -173
-220 1
-170 200
77 35
-46 4
-101 -1
-139 36
-229 -77
5 -103
301 159
-156 -99
-447 -265
316 -71
433 -123
-75 -90
-21 -83
80 50
17 131
-73 -185
59 -133
260 73
255 152
146 289
-153 204
16 80
230 57
-62 127
119 -41
186 -335
-53 -74
50 4
-127 -113
-169 152
170 -45
224 -328
141 -166
196 146
-51 -178
-85 -456
78 -166
-37 99
19 212
111 110
82 177
110 -36
-2 4
-108 118
108 -331
187 -145
133 -29
167 10
-26 261
-19 -60
-18 -109
-204 -172
163 -60
311 152
66 -340
25 -120
-83 293
-19 141
9 176
3 91
50 11
-203 -2
-168 23
-50 -25
-100 -235
-69 -37
-26 128
197 -235
-71 -322
-319 202
29 198
0 -241
176 -65
181 126
-278 126
116 -33
252 -142
-119 180
70 120
16 42
-222 180
-110 132
-23 81
-72 -80
-164 12
-176 20
-117 60
75 234
290 -65
91 96
-101 133
-72 -187
-243 -97
-13 -144
305 120
-128 59
-150 -192
196 146
-51 -178
-85 -456
78 -166
-37 99
19 212
111 110
82 177
110 -36
-2 4
-108 118
108 -331
187 -145
133 -29
167 10
-26 261
-41 73
-124 -48
59 11
-57 79
-88 -99
-52 -163
-127 -136
-195 -99
-283 -56
-247 73
-64 92
119 55
72 5
-47 -48
7 122
81 68
-73 -224
-269 -222
74 -66
322 -48
-43 53
-95 185
182 -12
159 -12
12 31
57 -134
91 81
-64 62
-26 -65
212 117
108 168
-170 173
59 -110
234 -148
102 61
145 -136
-211 25
-138 166
382 -2
-131 -27
-212 -128
213 -136
-40 -189
-120 -91
-32 56
81 -227
21 -159
-83 227
-56 223
-314 96
68 195
320 53
-100 -127
75 255
159 174
262 -59
225 115
-356 -130
-148 -43
132 148
-89 75
-117 207
-4 -160
150 -254
-41 73
-124 -48
59 11
-57 79
-88 -99
-52 -163
-127 -136
-195 -99
-283 -56
-247 73
-64 92
119 55
72 5
-47 -48
7 122
81 68
77 137
127 127
-109 -105
200 -81
94 -40
-31 158
288 49
32 48
3 171
2 -104
-259 66
-98 277
-178 152
-91 -95
-23 -89
-199 335
82 168
-201 26
-255 64
235 -88
31 111
169 -65
144 -133
-128 175
211 126
-29 149
-180 152
43 34
-143 -21
-58 104
60 -24
69 -321
87 -101
141 -194
274 -173
3 -4
38 -352
83 -167
-327 -119
49 -152
307 48
-130 -258
-154 -24
-102 261
-24 105
193 100
115 2
-26 -59
-101 -133
-217 122
-169 187
8 -95
-55 170
-28 43
190 -251
2 -181
62 -127
346 68
-29 -171
-234 -350
-59 19
10 272
-12 123
-156 -100
77 137
127 127
-109 -105
200 -81
94 -40
-31 158
288 49
32 48
3 171
2 -104
-259 66
-98 277
-178 152
-91 -95
-23 -89
-199 335
-42 -19
-204 -19
170 -151
197 -184
-134 -33
-6 -114
225 -27
155 111
-38 2
103 -47
23 47
-28 124
107 -123
-170 -329
-3 54
166 239
-28 -69
76 -1
-46 247
-19 142
-4 -106
-231 -247
-6 -115
-39 68
-174 150
48 80
86 -156
96 -47
-5 -13
-221 -204
-133 82
106 203
114 128
-29 297
-46 208
-31 65
60 -83
60 -167
-101 53
96 -115
201 -314
-87 116
-98 308
-75 52
-144 -34
30 -70
-31 -75
-169 -58
-10 -224
-42 -153
-147 -66
-213 -186
-252 -36
-152 -80
-127 -119
204 209
337 196
58 112
127 143
-65 56
149 -15
612 -60
-48 145
-242 192
-42 -19
-204 -19
170 -151
197 -184
-134 -33
-6 -114
225 -27
155 111
-38 2
103 -47
23 47
-28 124
107 -123
-170 -329
-3 54
166 239
-178 0
121 -121
12 0
-126 144
267 203
133 134
81 -124
96 -321
-18 4
-82 156
-26 34
355 13
57 -39
-199 186
94 172
-78 -139
73 -215
236 -185
-72 151
95 145
283 -211
76 118
5 239
-53 -239
-103 -178
126 50
-128 -157
-406 -110
7 125
-79 96
-127 -31
48 -125
-298 -19
-129 -91
155 -273
57 38
-43 328
-197 239
-113 -60
-130 -82
-38 178
115 -35
-234 -272
-312 -181
-31 -20
89 -81
44 -334
72 -51
36 50
-114 21
166 398
217 180
-34 44
141 96
279 -111
116 92
-135 177
-49 102
-22 -105
-113 -237
148 152
-50 40
-120 -121
7 133
-178 0
121 -121
12 0
-126 144
267 203
133 134
81 -124
96 -321
-18 4
-82 156
-26 34
355 13
57 -39
-199 186
94 172
-78 -139
-105 -74
57 161
21 -84
-92 -167
30 16
-80 4
-1 91
363 -61
292 51
153 -37
148 -395
6 37
62 45
126 -148
44 -18
-32 -286
-156 32
-42 200
93 -321
56 -8
87 325
39 125
63 116
101 -10
-84 -52
-83 -52
-21 5
-212 313
-165 15
0 -55
-155 346
-118 67
-42 36
-176 43
-41 -86
-192 63
-352 -287
130 -110
251 190
21 45
-128 368
-285 8
-118 -265
30 30
42 -110
33 59
-146 54
-103 55
9 296
-10 143
230 128
299 -100
-22 -312
97 -285
323 -141
-40 210
-155 -149
-95 -211
-171 137
269 -222
242 -208
-310 147
-89 236
74 26
-105 -74
57 161
21 -84
-92 -167
30 16
-80 4
-1 91
363 -61
292 51
153 -37
148 -395
6 37
62 45
126 -148
44 -18
-32 -286
-106 100
254 61
215 -25
132 127
149 -109
35 -114
199 88
147 -102
-41 -53
78 -42
1 89
-184 154
-99 -15
150 33
-38 -76
-326 171
155 260
185 -6
-342 63
-84 -259
97 -58
-59 477
-48 159
-119 -3
-43 -53
-13 -173
102 -138
235 -249
39 -291
128 -53
-38 73
-121 -68
342 45
-89 -160
-258 -316
264 128
-1 -178
-87 -74
59 502
-40 12
4 -150
-48 73
3 123
-67 92
-81 -243
161 -100
-62 181
-148 24
-28 -152
-164 -78
-74 47
5 57
-28 159
27 -95
-6 -179
-123 285
-141 289
12 102
56 6
96 -41
66 -148
-140 -297
-72 -22
-112 104
-106 100
254 61
215 -25
132 127
149 -109
35 -114
199 88
147 -102
-41 -53
78 -42
1 89
-184 154
-99 -15
150 33
-38 -76
-326 171
40 -92
-15 106
63 17
241 17
-144 134
-344 71
7 33
3 56
-252 167
-57 -5
-146 -154
-152 66
224 -41
163 -168
-18 76
-41 156
118 -42
-5 -191
-64 -164
325 -161
210 23
139 177
-38 -122
-178 -131
276 110
30 270
-51 360
195 -47
-41 -135
-28 65
-86 -113
-35 77
141 18
180 -256
81 119
-5 117
357 -37
7 80
-258 -77
128 -20
-78 -59
43 -333
86 -17
-52 343
44 125
-132 -76
61 -38
0 -192
27 -252
172 -162
-223 -274
-71 -6
-205 281
-253 167
105 257
-175 25
-131 -220
-219 69
-188 182
105 269
-156 13
164 -405
222 -92
-150 7
40 -92
-15 106
63 17
241 17
-144 134
-344 71
7 33
3 56
-252 167
-57 -5
-146 -154
-152 66
224 -41
163 -168
-18 76
-41 156
41 54
181 198
74 125
8 -246
27 15
33 69
-79 79
-126 20
-70 -101
30 26
2 -96
-139 6
-1 -6
-64 -152
-321 -111
-165 -213
100 196
297 268
125 -169
-343 -26
-231 -30
157 -214
-1 -206
-190 18
146 323
176 134
-65 1
161 113
9 -39
-375 -54
-61 46
59 -275
-279 -403
-131 12
157 126
32 48
135 73
328 -58
180 -151
216 -164
234 9
70 229
87 217
39 97
-49 -40
65 -25
164 38
52 58
64 -32
186 36
108 161
140 -207
31 14
-142 189
-53 -395
-274 -118
-312 97
-106 18
-126 69
116 -197
148 303
-127 340
-200 -180
-180 54
41 54
181 198
74 125
8 -246
27 15
33 69
-79 79
-126 20
-70 -101
30 26
2 -96
-139 6
-1 -6
-64 -152
-321 -111
-165 -213
-160 -83
40 48
-29 56
-378 4
50 48
161 -114
-48 -42
64 -69
167 -295
-68 8
-120 67
232 91
-110 99
-104 -221
315 -13
3 11
182 -41
168 222
-13 17
467 25
169 89
-215 -135
25 25
111 166
-61 99
-161 -21
63 -188
15 -24
-38 161
1 -45
-218 -114
-89 13
13 82
-70 152
-66 11
-121 79
-100 156
-80 -218
49 27
127 366
70 -17
-4 -204
-135 -126
-54 -145
70 -290
236 -193
115 39
-216 23
73 223
154 337
-83 163
-79 -103
-194 -222
-282 103
-276 29
-103 4
-68 247
-106 -70
158 -76
163 8
76 -119
30 53
108 -28
142 -164
-160 -83
40 48
-29 56
-378 4
50 48
161 -114
-48 -42
64 -69
167 -295
-68 8
-120 67
232 91
-110 99
-104 -221
315 -13
3 11
123 164
192 291
263 -50
73 -30
159 -94
105 -233
-284 -137
-54 -208
-95 -227
-188 -92
10 85
-260 69
-2 102
37 153
-174 -12
248 102
-37 -23
-21 -210
216 187
-81 358
169 139
-135 65
-265 283
185 158
-146 -137
-75 17
73 -64
-132 -11
75 307
53 160
-156 -196
-12 -263
223 311
-118 311
-214 -363
246 -211
42 66
85 4
222 -68
-190 -18
2 116
120 -99
-46 -80
32 40
92 -61
135 -23
-84 -153
-53 -141
91 22
-85 -43
71 -99
111 -24
31 143
153 206
-48 114
-212 -210
-166 -157
-118 196
-10 -59
-15 51
15 199
-1 -272
-167 -274
-40 -110
123 164
192 291
263 -50
73 -30
159 -94
105 -233
-284 -137
-54 -208
-95 -227
-188 -92
10 85
-260 69
-2 102
37 153
-174 -12
248 102
-142 -119
-17 84
-4 252
-247 185
64 71
90 51
-191 215
113 193
143 -20
42 18
149 183
-50 87
-288 20
-257 -53
98 -296
292 -201
73 -42
-124 -18
-154 75
100 -128
249 -171
-45 160
-98 154
199 -23
113 -148
-266 -184
-268 -94
-67 -165
-4 26
20 106
5 -331
19 -16
159 319
275 -91
-39 -105
-366 -106
-38 -78
173 18
-2 -69
25 311
149 128
127 -225
-116 7
-145 -269
58 -109
-120 140
-211 -194
64 43
-55 95
-313 -125
-62 -180
-4 -129
-94 139
243 -100
200 -78
97 272
288 1
43 -44
-23 151
72 276
-98 170
-25 -183
122 10
36 101
-142 -119
-17 84
-4 252
-247 185
64 71
90 51
-191 215
113 193
143 -20
42 18
149 183
-50 87
-288 20
-257 -53
98 -296
292 -201
-87 182
26 -52
2 174
5 406
-174 93
-94 -88
79 -102
8 5
19 70
-27 -75
117 -93
120 38
-44 108
4 118
-305 74
-193 -88
274 -105
96 -107
-173 -105
-34 279
353 115
-5 -303
-223 -23
352 -121
133 -190
155 128
285 -171
-250 -132
-9 221
158 36
29 65
83 -20
-42 -220
-128 57
-430 -124
-140 -352
195 -85
-197 -143
-46 20
-55 273
-130 167
173 292
7 116
117 -163
174 -54
-203 -41
-182 21
-71 96
-1 178
57 101
-2 -131
-28 2
-47 21
35 6
113 -5
60 -184
49 62
27 -37
-29 -400
29 -185
61 15
62 102
19 92
-157 138
-87 182
26 -52
2 174
5 406
-174 93
-94 -88
79 -102
8 5
19 70
-27 -75
117 -93
120 38
-44 108
4 118
-305 74
-193 -88
-96 109
-143 96
-7 -93
-1 109
-13 227
-104 19
-26 64
154 73
4 20
-116 95
-14 30
-167 -40
23 -351
258 -351
-163 146
-47 260
36 342
-170 68
221 -238
66 23
-126 -157
102 -98
-78 95
10 -154
176 -54
-11 -128
-174 -169
52 5
178 -22
-143 -119
139 -436
136 -277
-307 -19
8 -101
-23 71
-52 21
104 117
-227 197
-3 -41
194 99
-132 52
-109 55
151 137
101 -128
-193 -27
-48 -43
136 -157
-48 173
-74 114
-49 -206
-110 3
-229 238
-224 -43
-60 -61
85 217
174 -10
-49 -203
-112 22
172 108
304 -32
247 33
40 255
126 109
225 -73
-96 109
-143 96
-7 -93
-1 109
-13 227
-104 19
-26 64
154 73
4 20
-116 95
-14 30
-167 -40
23 -351
258 -351
-163 146
-47 260
151 -330
254 147
155 286
171 -64
80 86
43 9
-234 -159
64 -1
259 45
-71 -29
153 -144
60 -192
-267 84
-198 295
75 212
264 262
18 4
-106 -218
-2 120
180 -8
89 -54
-88 156
165 -172
-56 -168
-247 -17
-24 -161
-9 -121
-8 -39
-115 -116
56 -131
-9 187
-279 251
-24 36
-193 -170
-130 -374
190 83
-145 302
-273 44
-191 116
-106 -92
33 -65
227 -31
250 -253
-34 164
60 117
88 -161
-79 222
-102 277
-147 104
-67 143
-12 129
147 -17
-25 -153
-164 -164
155 -32
-83 39
-47 -75
98 67
31 59
305 -197
-118 -123
-173 -94
115 62
-135 -11
151 -330
254 147
155 286
171 -64
80 86
43 9
-234 -159
64 -1
259 45
-71 -29
153 -144
60 -192
-267 84
-198 295
75 212
264 262
-188 54
86 224
-41 93
18 133
223 271
48 199
-130 -59
-144 -184
109 -148
-66 -34
-122 111
80 100
-343 -82
-21 -245
251 -89
-163 -32
45 -142
-95 157
-159 101
167 -70
46 172
73 -70
15 -131
-196 121
-294 -53
-150 -245
190 -259
115 13
-65 2
-66 -57
201 268
259 85
-69 128
53 173
45 -279
-9 -112
147 -64
77 -92
188 -16
-77 -298
-220 1
205 74
108 -205
19 -4
173 -55
198 18
116 137
16 -18
27 104
-212 80
-127 -85
171 -95
-90 -16
-186 30
-72 -84
-92 91
-146 199
-251 -5
-44 80
275 18
50 -86
-139 225
158 118
-7 -193
-188 54
86 224
-41 93
18 133
223 271
48 199
-130 -59
-144 -184
109 -148
-66 -34
-122 111
80 100
-343 -82
-21 -245
251 -89
-163 -32
159 73
135 207
-223 26
85 -65
145 0
-144 50
12 113
39 -47
68 -87
203 91
236 -35
194 -149
11 -37
22 -99
96 -142
-57 -13
-174 132
-117 381
-163 193
-232 -309
-108 -249
-59 -71
16 -54
48 -63
55 -55
48 85
-105 66
112 15
38 -177
-141 -189
67 42
-218 -181
96 36
383 62
-242 -349
-84 125
195 90
222 -44
96 204
-260 -249
22 -42
-70 160
-205 -86
99 295
-102 152
28 -247
182 -168
-138 -60
-193 -60
-76 -127
19 51
75 166
60 158
-159 69
-109 -53
47 177
-184 146
92 48
240 131
-132 -63
51 60
210 200
-71 -92
-169 -171
159 73
135 207
-223 26
85 -65
145 0
-144 50
12 113
39 -47
68 -87
203 91
236 -35
194 -149
11 -37
22 -99
96 -142
-57 -13
-352 -19
127 195
16 153
-28 161
262 20
110 -12
34 88
131 -56
108 44
-208 220
-59 60
125 107
-43 -1
186 -116
-128 23
-295 -211
82 -160
-39 -156
113 -382
68 143
-174 331
-30 112
15 188
146 -46
-168 -210
-290 -84
153 18
-85 162
-137 137
152 -86
26 98
-2 366
22 -55
36 -232
35 -101
-80 -154
-16 33
63 -174
33 -255
117 1
37 -118
-195 157
-170 165
54 -127
367 69
202 -4
-200 -91
38 -102
137 13
-39 233
-78 -61
-79 -149
110 -20
89 98
107 242
-94 -10
-381 -10
86 17
59 -221
-83 -86
-6 86
-258 117
183 -78
59 -298
-352 -19
127 195
16 153
-28 161
262 20
110 -12
34 88
131 -56
108 44
-208 220
-59 60
125 107
-43 -1
186 -116
-128 23
-295 -211
123 0
98 -101
-325 30
40 -67
107 -284
-35 -87
-158 12
-310 -135
-43 42
61 166
43 -143
-228 -265
-269 -149
121 77
-38 33
42 -224
-19 50
-213 36
329 -199
60 -13
-313 -88
0 -82
-193 67
-114 94
246 181
99 73
0 8
109 16
51 12
-94 90
-111 -37
-168 -207
-179 -37
-75 176
-46 14
-95 66
-72 234
167 -81
254 -194
141 -130
79 48
24 329
88 132
1 -32
-110 -84
-38 -131
-168 -104
-146 -139
109 -14
72 -153
-42 -128
147 159
166 63
13 165
207 238
149 322
46 239
201 -228
95 135
209 245
216 -219
30 36
-89 129
-283 12
123 0
98 -101
-325 30
40 -67
107 -284
-35 -87
-158 12
-310 -135
-43 42
61 166
43 -143
-228 -265
-269 -149
121 77
-38 33
42 -224
178 45
-106 51
-158 -19
27 10
-59 73
147 -65
219 -67
-19 156
-93 -40
-20 93
90 47
133 -518
181 -276
70 -108
-112 78
7 181
9 -279
-38 141
74 199
60 -108
100 357
-20 218
-228 -40
-108 -85
-52 -130
-53 40
53 -174
102 -249
60 -177
7 -222
44 -26
-35 47
-14 -46
172 -127
79 -84
-53 27
-84 17
-120 -179
-188 -232
-65 121
275 57
92 -147
-81 21
43 -24
-149 57
-2 172
75 72
-109 -84
118 -270
34 -43
-64 227
69 225
41 172
207 163
137 189
-22 118
-59 148
-147 -115
77 -295
-118 116
-313 139
61 120
-171 242
-211 61
178 45
-106 51
-158 -19
27 10
-59 73
147 -65
219 -67
-19 156
-93 -40
-20 93
90 47
133 -518
181 -276
70 -108
-112 78
7 181
4 -275
-214 -227
59 -208
188 33
-58 -123
-89 -165
237 31
-218 51
-417 245
117 -23
-266 -191
-104 150
343 -55
-125 -46
-23 164
119 -157
0 -106
-56 146
-183 133
-25 166
-120 -5
-79 -171
85 -54
-182 53
-93 116
129 107
132 159
123 147
99 -86
142 -37
227 -14
341 -80
160 164
-175 103
-156 -66
122 -63
210 -109
-61 -9
-35 -55
234 75
106 265
-118 -89
0 -54
135 277
-24 196
95 127
227 87
-18 -92
-55 -188
-40 -19
-14 155
-114 147
-143 -21
158 -174
-27 125
-77 211
-73 -226
-405 -286
-160 -4
-88 45
-91 -239
128 -123
36 224
142 -91
4 -275
-214 -227
59 -208
188 33
-58 -123
-89 -165
237 31
-218 51
-417 245
117 -23
-266 -191
-104 150
343 -55
-125 -46
-23 164
119 -157
31 -193
-95 -163
-170 -82
81 -117
115 -214
-62 -171
76 52
114 -1
-1 -45
363 136
47 -97
-299 -177
114 287
-4 83
-15 -240
-56 136
-119 104
116 22
-170 228
-31 64
2 53
-258 -44
17 -208
-77 104
22 169
121 106
27 43
250 -127
27 -3
-119 10
-194 -51
-244 -58
78 -46
111 39
-59 -164
-244 50
-9 474
-6 184
-352 -176
156 -390
238 -103
-42 347
55 -59
-161 -189
-91 66
69 -81
106 -20
195 30
192 -87
158 -64
-122 -31
8 142
182 233
-34 88
80 -41
116 -107
68 -96
30 -148
22 12
142 381
21 123
-62 -208
-233 95
-250 106
31 -193
-95 -163
-170 -82
81 -117
115 -214
-62 -171
76 52
114 -1
-1 -45
363 136
47 -97
-299 -177
114 287
-4 83
-15 -240
-56 136
-41 -119
154 88
-172 96
-200 14
-133 108
88 165
93 107
18 65
156 161
-61 121
55 218
268 81
-49 -58
-119 409
-14 79
-132 -432
-165 -50
69 22
93 -87
-34 27
-3 166
-142 202
-42 -52
133 -172
-97 -218
-133 -222
-48 5
-155 102
-76 1
291 -138
234 -19
-105 77
4 -101
3 17
15 -95
54 -298
-132 192
125 120
57 -273
-267 104
-83 167
-88 -67
-48 -61
100 -17
-8 123
-119 -50
-67 -127
162 -14
164 -96
70 113
80 -76
1 -277
47 82
177 -121
98 -237
-117 -229
-13 -186
-7 363
-200 141
154 -75
278 115
121 -153
3 78
-328 158
-41 -119
154 88
-172 96
-200 14
-133 108
88 165
93 107
18 65
156 161
-61 121
55 218
268 81
-49 -58
-119 409
-14 79
-132 -432
40 36
-213 -308
-131 -104
-46 -18
-89 -134
-10 43
149 -5
2 53
-76 187
159 51
28 156
128 45
252 31
-111 200
-68 -94
30 27
109 40
239 -78
19 236
-17 -117
120 -287
197 -130
-29 -225
-100 67
288 63
77 149
-46 346
168 45
74 148
173 122
118 -208
95 -195
-5 -92
-204 -38
217 -182
42 -201
-287 -146
-47 -5
-196 267
-12 -52
111 -207
-222 143
-60 201
99 103
93 22
60 32
30 -123
81 -241
-74 13
74 55
182 63
-110 205
73 162
91 -63
-281 -166
-205 125
-106 -46
46 -382
5 85
-436 237
-91 -94
121 -90
-384 38
-166 203
40 36
-213 -308
-131 -104
-46 -18
-89 -134
-10 43
149 -5
2 53
-76 187
159 51
28 156
128 45
252 31
-111 200
-68 -94
30 27
132 146
241 262
-183 -15
-250 -146
16 86
-134 112
-203 -169
-6 -227
167 -174
16 -49
0 84
54 -23
-104 52
171 34
381 -150
-50 -126
-128 -215
197 -142
-103 -10
-303 -106
-15 53
-64 271
-3 136
-8 -21
-98 46
79 -86
-79 -147
-61 85
-16 2
-33 153
230 353
18 8
-24 -128
49 -165
-2 -51
218 124
-154 -75
-210 17
175 65
-16 -116
70 27
227 119
95 118
-32 85
-185 -28
-133 20
27 119
-1 57
-165 -24
-118 35
-145 136
-179 251
6 190
-108 70
28 124
109 -58
-104 -193
131 -111
120 -47
134 67
10 -210
-318 -401
239 -115
365 -8
132 146
241 262
-183 -15
-250 -146
16 86
-134 112
-203 -169
-6 -227
167 -174
16 -49
0 84
54 -23
-104 52
171 34
381 -150
-50 -126
187 -174
-185 -114
-18 -43
93 -96
-145 -117
56 -204
88 -220
-109 166
-98 23
-59 -172
95 210
-243 109
-329 62
196 103
12 -51
-168 264
-156 278
-64 53
334 15
78 -203
-30 -55
261 295
112 155
-13 -87
7 24
-45 102
-270 105
2 259
427 97
43 -25
-129 30
-136 -98
-206 64
-12 78
-82 -100
90 116
337 157
69 25
-266 71
-142 -36
335 -280
112 -117
-253 317
-100 295
-141 47
-92 -51
-74 -128
-152 -164
-10 -133
31 -84
115 -152
247 -168
275 -60
129 -67
-63 -174
-66 -232
-63 -98
45 -82
2 -136
-101 16
188 12
92 106
-196 241
129 -2
187 -174
-185 -114
-18 -43
93 -96
-145 -117
56 -204
88 -220
-109 166
-98 23
-59 -172
95 210
-243 109
-329 62
196 103
12 -51
-168 264
13 118
132 -300
199 -57
-122 173
21 -83
388 67
150 -150
-114 -290
-34 -169
-192 28
-208 171
250 50
244 49
-136 -4
-122 122
88 31
91 -124
-82 144
-194 -26
-77 54
16 133
-200 -75
-137 232
157 192
117 123
118 122
43 -15
-37 124
-36 66
-205 199
-53 53
21 -182
-51 173
52 -5
66 -131
97 84
-218 118
-104 73
305 -206
-134 16
-40 277
165 62
-243 21
-127 -76
58 -52
30 79
41 -7
280 40
237 86
-173 -157
117 -285
-15 -174
-369 -98
-15 -52
-97 -397
41 -297
175 388
-150 167
-77 99
-262 10
-231 -431
217 84
200 -17
93 -199
13 118
132 -300
199 -57
-122 173
21 -83
388 67
150 -150
-114 -290
-34 -169
-192 28
-208 171
250 50
244 49
-136 -4
-122 122
88 31
50 9
-298 -208
-244 -99
-6 -281
-377 -76
-273 181
63 -167
-175 -26
21 103
7 -260
79 -90
469 130
41 -61
-203 -208
-3 -148
223 146
320 -23
34 -263
13 57
-80 13
-223 -147
48 -88
103 -65
-41 49
-42 21
17 99
-15 47
-56 -95
-68 -11
-24 -159
176 88
216 112
96 -321
-148 34
-205 104
-128 -71
-299 103
90 94
286 193
-147 -59
-76 -214
-2 59
172 56
168 246
-322 208
-115 -87
134 23
-125 68
-211 -32
-21 -21
72 134
129 81
348 45
-57 243
-162 89
347 21
132 15
142 -77
124 80
-239 -14
19 80
63 215
-16 -16
167 114
50 9
-298 -208
-244 -99
-6 -281
-377 -76
-273 181
63 -167
-175 -26
21 103
7 -260
79 -90
469 130
41 -61
-203 -208
-3 -148
223 146
-233 82
193 -94
169 -10
-1 55
99 -84
182 153
196 128
155 -15
110 152
-141 -137
-111 -65
158 160
-44 221
-135 371
-89 -118
-239 -178
-101 -69
112 -321
-23 26
-139 219
136 125
198 -39
-99 -151
-7 -129
83 -292
53 -8
99 69
-192 -311
-55 -142
188 206
-149 204
66 -18
159 -137
-218 -275
-8 -26
-49 182
-122 -295
218 -68
22 112
-154 -106
-129 29
-217 -264
7 -70
209 40
119 -216
-93 149
-119 20
-42 45
-192 159
-220 -23
-171 207
-44 77
178 143
188 150
168 -112
-79 67
-66 -1
321 207
181 159
166 -241
52 172
-343 130
-81 -233
-107 -1
-233 82
193 -94
169 -10
-1 55
99 -84
182 153
196 128
155 -15
110 152
-141 -137
-111 -65
158 160
-44 221
-135 371
-89 -118
-239 -178
-307 -92
-94 -203
224 -16
39 81
207 23
216 -31
-55 -91
149 51
205 51
-33 -133
-43 -133
-109 12
-1 37
77 -64
-128 2
19 296
36 407
-76 -104
-78 -329
-210 181
2 198
-7 -42
-110 56
195 123
140 15
7 -244
27 -116
84 117
49 121
-106 259
55 94
31 -43
-97 109
-175 9
-164 -163
389 -243
346 -195
-57 -120
69 -26
-60 -13
-151 -162
53 8
98 19
-19 -189
-81 -65
-157 -42
-119 50
272 160
110 13
-18 -44
239 -138
-186 -162
-45 -137
163 -212
-328 -12
-37 246
133 241
-44 334
-15 359
-238 -150
-261 -278
-196 185
26 142
112 -35
-307 -92
-94 -203
224 -16
39 81
207 23
216 -31
-55 -91
149 51
205 51
-33 -133
-43 -133
-109 12
-1 37
77 -64
-128 2
19 296
