-11 28
8 14
17 3
-2 -14
-17 4
-13 10
1 11
-17 41
-41 7
-5 26
16 7
-17 12
2 19
49 -8
-22 24
-1 9
-13 32
3 14
-17 29
-1 14
-7 -15
-28 17
-16 -5
2 20
19 46
-19 0
-16 -7
-7 -2
9 10
7 -5
13 21
17 11
4 -7
-2 3
-2 12
-4 22
-12 -6
-10 3
10 40
24 40
-17 18
-16 3
-14 -3
10 -9
13 -9
-19 4
29 -9
2 15
-5 2
-16 6
11 -6
-18 1
-10 -5
12 -25
-17 -9
-6 -23
-6 33
6 1
-5 9
-21 30
17 24
-9 14
11 -2
14 11
-19 31
3 7
-13 7
14 12
-26 4
25 29
17 26
22 43
21 45
-14 10
-18 4
-13 1
33 10
8 10
13 23
12 -5
20 -3
28 17
4 17
-3 -24
32 35
12 -14
3 -18
7 3
14 5
21 19
-3 3
31 -5
-12 -3
-11 -23
10 -13
10 21
-16 8
16 -2
40 -9
10 -19
-2 -21
-2 12
21 20
17 26
-3 -12
21 0
17 0
9 20
16 2
-3 31
1 -5
-17 -1
-8 0
-8 -2
0 -8
24 -17
-9 -1
9 12
25 13
-34 22
-20 -7
11 31
61 48
40 3
-26 8
12 -6
-3 17
16 20
33 -6
2 -17
13 4
-1 10
42 16
9 -21
-15 3
6 0
30 -13
-16 11
1 -9
-21 -17
-9 24
20 -4
37 8
1 -26
12 12
-13 29
1 11
-15 17
-19 7
-6 6
9 7
-18 -4
13 13
20 -24
2 23
15 25
-3 24
-2 -4
3 -20
10 -4
-5 22
-23 9
-15 0
11 13
4 -14
-2 3
22 -7
26 19
24 15
14 9
1 11
-4 -9
10 10
31 11
9 10
6 -23
-15 -3
7 1
0 -30
1 -30
-20 -12
-5 25
-9 -6
-5 -34
1 6
-27 0
-31 -29
4 -20
-32 -25
-31 11
-4 10
-17 6
-4 1
-23 -9
-7 16
3 -11
-2 1
3 41
14 19
-10 30
1 -3
-34 9
-11 13
15 -2
-16 21
1 -13
7 1
-12 16
17 14
8 8
-19 13
-6 31
-44 -17
6 26
-30 29
11 -12
-18 15
0 -2
26 12
-2 26
6 -10
34 -19
9 7
-15 -5
9 30
7 -12
-10 0
8 0
-1 -7
28 11
15 14
-14 22
-18 -18
7 12
-19 -13
-6 -23
-15 9
-28 0
-6 5
5 31
-19 19
-7 10
7 15
11 22
-2 -3
-34 14
-20 28
31 -4
12 -21
27 13
13 -2
-3 11
-5 -2
8 -15
19 13
20 -2
23 -3
-6 -16
-8 -4
-34 16
-7 2
29 7
10 2
15 12
13 0
15 16
6 -2
-19 -10
-4 -6
-26 -23
-8 9
-2 -36
-2 -10
2 6
30 38
23 -7
34 -12
-24 -27
24 -2
22 35
17 -11
0 4
1 5
-24 34
-13 -12
1 0
-12 17
17 -14
8 -9
-11 16
24 21
-6 -1
2 7
-6 8
0 22
12 2
6 -4
-1 -3
-9 -22
-10 1
-18 6
8 9
0 -2
5 -5
-7 8
28 12
-3 -8
-15 11
4 -30
-2 13
-13 6
23 -1
-2 -18
-14 -6
-5 -27
-15 6
1 -6
-22 -18
3 -3
30 3
-7 13
-21 -28
-11 -16
-25 -19
7 8
-12 -22
-17 -25
-4 6
39 -9
48 7
8 15
-10 1
-2 -13
-6 -1
8 3
-2 -26
-9 5
2 -3
-23 -38
-26 -10
5 0
-10 -2
-6 -15
29 22
-28 16
-17 7
-16 17
-13 0
-21 27
1 -5
16 24
-22 6
-8 -4
18 -21
19 20
-5 3
3 -2
-4 -11
19 -11
7 2
37 -6
43 -20
10 27
5 27
2 -10
-18 -5
9 -13
0 -16
1 -19
3 -20
2 -1
17 -19
1 16
-28 13
-21 16
9 -2
9 -3
-42 25
57 -9
0 34
5 -18
25 -27
-11 -37
16 -10
-12 -14
-10 -13
-18 -24
17 -4
4 -4
13 10
-12 6
-28 4
5 -7
-20 0
-12 3
-3 33
-27 1
5 13
8 2
-14 26
-1 -13
12 -25
14 -18
7 -9
1 -14
-39 10
3 -9
10 -7
-13 14
4 -39
-11 -2
-5 -2
-12 -4
-9 -16
9 -6
-15 -14
-1 5
-27 26
-11 4
33 4
-4 -8
-7 10
9 2
0 12
4 6
28 -7
-17 -19
3 -18
22 3
8 6
-4 18
9 -5
-12 -7
16 13
11 15
-22 27
0 0
18 23
-13 11
6 26
27 11
21 15
15 11
-19 -4
28 -12
5 45
5 -31
23 2
15 -9
5 -2
4 23
23 -1
2 -14
8 -5
5 9
-5 -1
-1 9
-4 -6
-15 -30
-11 -10
2 3
2 23
-5 8
-10 20
-11 -22
-4 -6
7 20
25 12
1 26
11 -32
25 -11
17 27
19 7
-1 10
5 -16
-8 -19
5 5
17 -4
10 -6
19 15
32 5
25 10
34 23
16 9
-12 0
4 -6
-19 1
15 22
23 17
-12 11
16 41
43 15
0 -1
17 28
23 13
-1 -2
-8 5
-44 29
12 7
9 27
-11 10
-18 3
1 18
-10 23
18 25
20 29
-3 5
21 -13
-6 11
0 34
6 19
-24 37
16 19
-6 6
-4 27
-2 19
-3 26
5 26
-17 8
-22 17
-10 23
14 0
33 0
-1 4
11 34
11 23
16 5
4 -14
24 5
4 16
4 -32
-8 8
-6 -2
-22 -20
3 6
-18 21
-3 0
-10 8
-24 -5
-20 3
-13 -16
-22 9
-13 38
-24 15
-23 13
-33 -6
-17 9
0 28
6 26
-28 -20
9 28
29 36
-34 1
10 15
-6 9
-25 3
-2 21
3 17
6 11
13 4
-3 32
-19 -1
-28 1
-2 -28
-3 9
-1 -25
19 -15
-8 -25
-1 -17
-12 1
19 -16
-1 26
-33 15
1 20
-6 -2
-9 12
-11 30
18 13
-5 2
9 -9
23 -9
-21 10
-7 22
8 -8
-2 37
17 -10
7 -8
7 -10
15 0
29 -7
-5 -31
17 23
11 12
3 10
-11 28
7 18
10 4
18 -1
0 1
-15 -30
11 3
-17 -34
-12 -26
21 18
19 20
-15 3
11 1
1 10
15 45
50 21
12 22
14 -11
-10 19
-11 6
2 6
-6 -8
-3 21
0 36
34 -9
2 -25
1 -2
22 8
-15 -20
-5 10
-21 14
-3 -3
-12 45
0 -8
-21 -3
0 -12
10 -17
4 1
24 21
-4 -6
-15 20
-8 10
11 18
9 39
7 15
-10 17
21 40
-7 -1
20 4
3 4
2 3
-17 -16
-5 -3
-38 8
-49 6
-19 21
16 30
12 7
5 -7
-12 10
-14 19
2 -17
2 15
3 16
-9 -3
-8 -13
-18 -12
-23 8
15 -19
32 -8
11 24
20 -48
-8 -2
37 18
1 1
12 -4
-3 -16
13 11
6 5
2 18
15 13
25 -25
21 32
13 -42
32 -31
14 41
35 -4
-7 -10
21 -5
15 16
16 -17
-2 -9
-5 7
1 -2
-1 22
12 18
30 -27
-21 -20
-8 -14
14 -50
52 -13
12 9
-3 10
17 24
-26 8
19 28
13 46
32 -11
7 -4
-10 3
13 17
18 38
13 20
0 -8
31 0
60 12
18 4
-35 -6
23 -8
23 -2
-2 -49
9 -22
15 -30
27 -7
49 -12
17 -10
-19 1
39 -8
-13 -15
-22 -12
14 0
-26 -27
-2 2
-17 3
-27 19
-12 3
14 -23
-12 38
13 17
14 -2
39 -9
21 20
26 13
5 17
11 33
26 10
-3 3
8 28
15 9
16 8
15 8
10 -26
13 31
27 31
-12 30
-2 27
45 -16
22 26
-8 18
31 14
-40 26
22 -9
31 -20
-13 10
25 -5
0 -21
14 -26
6 2
18 -17
9 -27
-7 -4
23 -14
23 -34
25 -24
0 -18
13 5
-1 -23
-18 16
20 4
-20 22
-9 1
22 4
1 -6
18 -29
-9 8
8 14
-6 0
21 -8
13 11
5 28
27 19
-49 -12
0 18
26 -9
-32 14
-18 16
-10 -20
-7 28
-20 -9
2 -11
-16 -13
-10 -3
-14 19
-20 -18
8 -18
-6 -5
-6 8
-2 -17
25 -16
3 -8
0 -9
3 13
-5 -12
-8 -9
-28 4
-25 41
0 22
10 20
12 -18
11 -21
17 -13
-19 -7
-26 -16
-47 -6
-5 -12
6 -5
-4 -6
-3 -23
-5 -33
22 -23
-36 22
-29 -11
10 -2
-4 5
1 -22
1 -6
-14 4
-35 -36
6 -5
12 6
-12 -21
5 18
2 15
-18 6
33 17
11 19
-34 11
-17 27
9 -13
-25 4
-19 -24
-16 28
-12 15
-7 14
10 24
23 11
14 -3
-5 16
13 14
23 -5
-22 31
-22 -4
-13 5
5 -12
-13 -2
-20 10
2 5
-8 15
-37 6
-21 20
-12 5
14 -1
12 14
19 22
-16 41
-4 12
16 -11
-50 2
0 4
-12 -2
-4 -8
3 15
-9 20
-1 -6
16 -16
-20 13
-41 -3
-22 1
6 5
-8 -6
-28 -2
-12 23
7 -11
37 5
8 17
5 -12
17 11
20 -13
31 -2
7 7
0 -8
-26 24
7 7
-31 0
8 49
14 6
-10 -14
-10 1
-12 17
-31 31
-7 21
-27 15
20 28
25 17
-3 21
-16 16
15 44
19 -18
-11 -6
15 20
10 14
-19 1
1 -33
-16 -3
8 -20
6 2
-34 -9
-2 12
0 26
-4 19
-1 32
9 23
4 23
21 -13
-14 -24
-11 -4
-18 -5
13 -6
-8 16
-12 13
-6 16
-25 10
-25 6
-30 29
-24 7
-53 25
-16 20
5 41
5 19
-13 16
-30 21
-7 20
-8 15
13 14
0 4
15 5
-8 30
-8 23
-32 3
0 -9
-11 -7
-41 -13
-19 -1
-4 1
5 28
-41 12
-19 12
-42 -2
-37 -6
6 10
12 -14
-22 9
-40 8
-22 3
12 13
-12 15
15 39
0 7
-52 15
-42 19
-46 17
5 39
-16 22
1 4
-12 12
-48 -3
-12 12
-12 -3
-2 4
-21 4
-15 18
13 3
-32 -3
-8 13
-16 19
-21 9
-26 12
-21 8
-15 7
-8 4
-33 -26
-23 -1
-2 9
-30 11
-24 10
-12 -3
6 -32
5 3
-14 18
3 13
-26 -5
-21 7
-33 -7
-9 -8
-7 -4
-9 -3
-6 45
5 14
-25 -4
6 25
-3 -4
-6 15
-34 22
-15 48
-3 37
-33 17
-18 28
-18 39
0 34
26 17
0 3
-13 22
-8 5
-14 19
-11 35
6 29
25 6
-1 23
-17 6
-28 -19
-18 4
21 11
-7 11
-23 12
-14 8
-14 21
-59 26
-17 -2
12 -12
-16 5
-32 -4
0 -48
28 -7
-20 -47
-29 -13
-12 -8
-10 1
14 23
-28 2
2 -19
-12 -19
6 -11
-5 1
-4 -9
-28 42
18 10
4 8
1 17
-22 9
-6 20
-7 -12
-20 -1
-11 15
-36 0
-49 -20
-15 -8
-18 16
-33 14
-15 11
-17 42
-12 15
-8 16
-15 -3
-5 26
-2 5
-46 -14
-7 -35
27 -18
-9 -15
-21 1
-13 -18
-30 5
-10 -23
-1 -20
-19 -18
-3 -9
-6 -21
10 9
-47 -6
-17 16
-22 -3
-22 -8
3 17
0 -3
-7 14
-11 13
-34 -9
0 -11
-33 46
0 7
-15 1
-6 15
-6 -9
-48 11
-3 17
40 15
0 49
-2 32
28 8
15 31
4 15
22 28
24 2
-1 -10
-10 15
-19 28
20 11
6 19
17 -8
-26 9
-18 0
45 8
20 19
9 44
6 12
27 -5
-3 -6
1 22
4 36
-7 31
-10 13
-21 13
-3 13
-19 54
-19 16
-13 18
0 8
-18 8
18 10
-11 23
13 26
-7 19
-40 -1
-19 -11
-16 2
11 2
19 32
10 -4
1 -15
-4 -12
3 -29
7 4
-4 21
12 -3
5 -5
1 -2
25 -10
17 11
1 -29
-17 -34
-53 -22
-36 5
-26 2
-27 19
-31 22
-38 5
14 -3
-24 24
-1 -9
-8 -18
-35 5
-23 -13
-16 11
-10 22
-21 16
-15 -7
6 3
-8 7
-31 -13
-3 -22
22 -10
-30 19
-24 -3
-34 -9
-8 10
-10 24
-29 38
-2 18
-12 -2
6 -18
4 -13
-7 2
-44 30
-12 -22
-23 -16
-19 -16
23 -23
3 10
-20 -30
14 7
17 4
13 -23
-21 -6
-3 -9
-17 -1
20 -34
22 -5
12 2
27 -24
8 2
-22 28
-1 -4
-7 12
-7 2
11 8
16 21
-2 -17
16 -8
-4 17
-4 26
-1 3
-17 -9
-6 -17
-26 14
-14 -27
-42 13
-10 21
26 0
-2 -16
-1 -3
12 -11
-7 -7
16 13
12 8
12 -13
11 -4
6 9
0 -7
-11 -1
-5 5
14 11
-21 1
-5 2
12 -3
9 0
18 -5
-18 -34
18 25
-28 18
2 10
26 16
4 -13
-7 5
29 2
5 -2
-21 -21
20 -16
-4 22
7 17
-5 -6
9 18
0 13
-4 38
-6 45
-5 44
-4 8
7 -25
-45 36
9 6
-13 26
-22 13
8 12
19 36
-21 28
1 23
-10 15
-5 34
-15 0
-20 5
-15 34
-8 5
11 59
-5 13
-3 31
-5 14
0 21
7 33
16 -11
17 35
-12 -17
-4 0
-21 8
-26 -12
7 19
-8 -5
-17 16
-5 24
28 2
-6 19
-25 -2
-16 24
-20 0
23 -12
9 17
-16 24
5 -6
11 5
7 11
-11 -30
6 18
-8 21
5 -30
-6 8
-11 27
28 -5
21 3
-23 -10
23 -4
34 10
16 8
7 12
-8 15
14 0
21 2
24 -30
42 -15
45 -2
13 -16
23 -11
3 -1
9 19
13 4
-18 5
5 31
-25 7
3 9
29 -19
25 16
-15 25
4 15
19 19
-3 5
42 -15
13 4
26 13
-18 7
37 -21
-3 12
3 28
25 -12
21 7
25 2
-15 -8
-25 25
7 2
22 -5
1 13
35 1
11 17
-19 3
13 0
-8 -11
-6 -1
19 7
6 8
12 -1
39 -1
28 3
13 43
-14 34
25 22
9 2
15 6
2 -13
3 -1
16 2
8 -22
17 6
2 -4
17 -14
-17 11
-2 29
-5 32
-7 9
19 22
-7 41
-4 4
9 15
-3 6
-6 3
-28 29
-21 17
-24 12
18 -3
25 5
-21 27
1 20
10 8
-14 24
-14 36
-1 -3
-15 0
-3 4
-10 7
-8 9
-19 4
23 21
0 10
15 0
-5 21
19 23
-13 -18
-5 -15
-17 -11
-5 -8
6 29
-9 4
27 8
-9 20
10 24
-4 -6
-7 1
-15 1
-2 6
-17 30
-22 8
30 3
-5 12
8 20
1 23
-23 -18
38 12
0 -7
2 -10
19 1
-14 21
29 14
0 22
18 20
4 -15
2 2
0 10
26 42
32 13
6 31
-8 14
22 17
15 3
1 33
-29 39
7 -16
47 -23
-22 -10
6 -5
14 15
0 21
0 -34
9 18
21 23
15 6
18 -14
-2 -17
16 6
-1 16
-1 -2
-30 32
11 1
-1 37
-5 -20
-17 23
-22 30
-16 34
-14 6
-27 7
3 21
8 -4
16 17
-9 -13
24 4
-24 -2
-11 14
0 -10
3 -22
-3 -9
0 -3
-2 -23
-2 -13
-14 6
14 6
-15 20
-15 25
-1 -1
7 -3
18 -37
-12 -18
12 -11
50 2
5 14
-31 0
-11 33
19 4
16 -37
-24 -17
-1 26
1 22
-8 -16
2 7
-14 -7
-12 8
14 5
8 14
3 -18
13 -25
-4 -20
2 -9
-18 -18
19 4
-7 17
9 12
-26 5
17 0
-12 27
-1 1
25 -1
19 28
41 19
20 -11
31 32
13 29
37 22
23 -2
26 14
-23 16
-6 4
30 11
5 -4
9 3
-2 19
25 6
5 -11
-15 -8
2 11
14 -4
13 18
40 -8
18 0
30 13
32 -1
32 19
49 21
11 13
19 5
-8 10
3 5
5 -6
-15 7
-7 2
-16 6
-34 26
-7 -3
-19 11
3 10
-16 8
7 -9
26 -29
-1 -9
1 -12
-9 15
-30 -3
-22 -10
-42 -27
-9 32
-18 -15
24 4
20 -8
-7 -4
3 -9
1 -8
-23 -3
-28 23
-17 -12
38 14
4 -24
21 10
-10 7
-24 20
20 17
10 -4
18 -16
14 -34
13 16
23 -9
4 -14
-3 10
10 11
7 -11
7 -12
-7 -5
-37 15
-32 10
-1 5
-15 16
-9 21
-7 -4
35 14
0 8
15 -3
34 22
30 5
-14 15
-13 0
1 22
7 -22
5 5
-5 29
15 19
14 11
7 -30
12 -15
26 21
15 5
-7 1
-4 4
-2 4
10 15
37 11
-12 26
24 -3
1 -9
2 3
37 30
5 1
46 -25
-23 -4
9 -5
-7 -28
-10 -9
-6 5
-2 -21
14 -16
25 -28
8 -12
-19 -3
13 11
4 6
20 -11
48 -22
21 -20
18 -9
4 -3
23 -3
14 2
19 3
20 17
-4 -22
23 -17
16 5
23 -7
-16 2
11 2
14 7
29 30
-20 -9
1 -11
20 23
-14 -11
23 -15
-21 14
-8 4
11 9
3 11
-7 9
20 7
22 -12
-1 -6
-14 8
29 0
47 12
21 -12
25 8
1 2
14 7
11 18
-20 18
7 -10
-10 1
0 19
7 34
-7 7
7 21
-20 2
-25 30
-1 25
13 14
2 -5
23 -4
4 13
13 24
-8 -3
12 6
19 -13
25 -8
9 -18
-9 3
2 39
-24 1
5 9
10 10
24 4
-11 -15
0 0
25 15
-6 0
8 -8
-14 2
-29 13
-10 -6
13 15
-15 23
38 21
-10 16
-9 9
-13 5
13 17
11 14
-9 2
-31 20
-8 19
-27 30
23 29
-7 17
17 46
20 11
-16 11
12 47
-17 32
2 -1
-20 43
-2 40
9 -27
18 0
38 7
-2 9
6 7
27 31
-18 10
-15 10
3 34
24 12
32 -11
20 7
-18 10
7 3
-3 -4
-13 16
-4 -4
-12 0
-17 7
-11 7
2 2
-9 18
-21 22
-10 -15
-3 -3
5 -33
-4 -8
7 -17
-23 2
4 44
-25 -2
-6 5
28 3
-38 3
-8 -19
5 4
-8 5
-13 5
16 9
-5 -7
0 39
-25 44
-4 31
27 -26
-6 -9
-3 -3
-1 11
-11 27
7 4
-19 26
18 4
23 -15
-1 -7
27 15
-4 -10
-18 13
-26 18
-6 -2
-13 7
6 -9
-6 1
-9 -32
-15 -33
-39 -8
19 43
-14 0
9 -5
-11 1
-10 -26
24 -4
-27 14
8 10
-9 3
-4 2
19 21
3 19
-10 -13
0 21
30 8
7 28
17 1
-19 16
-1 9
36 44
26 15
17 -3
6 20
22 12
22 6
-1 -1
13 -12
-7 0
-6 8
-15 -2
-17 5
19 -27
0 3
-15 1
-4 -2
-5 -6
-11 7
-5 -7
5 -13
27 20
-17 -2
13 -6
4 5
0 12
-17 0
-41 6
-31 -28
-12 -22
-16 4
-29 10
-17 -8
0 -20
-26 -11
-49 9
-4 -5
25 -1
-20 18
-8 14
-5 -6
-18 1
19 -12
-24 4
-20 8
-4 25
-3 -1
-2 7
-23 0
-19 -8
-8 -1
-1 13
3 2
1 1
-16 22
10 13
-3 4
-13 8
-3 5
26 37
11 26
2 22
-32 40
-14 19
-16 4
3 33
15 12
15 4
3 34
-1 -15
24 -21
-24 21
-7 7
-4 -11
-6 -5
-20 -15
-20 -18
-24 3
11 19
-11 -5
-23 -4
6 11
-14 -6
-3 16
-19 49
-4 19
-1 12
4 -24
25 -16
-19 -20
-7 11
-9 1
-14 19
-39 -11
-17 -2
2 -6
-15 -32
-1 -25
16 -12
32 -5
13 4
11 16
4 -7
15 -6
-1 12
4 -14
10 -4
13 -15
-10 5
-45 -11
1 3
0 14
14 -14
15 9
13 -21
-4 -11
-16 4
14 -30
23 6
-6 23
-23 -11
26 -21
23 0
-28 -10
0 -18
5 -9
-35 -13
-11 -12
29 10
9 14
-5 -12
-13 -33
-14 -15
-1 -16
8 0
-17 6
-23 13
-9 -34
6 -9
9 -4
-19 -26
20 -23
-15 1
-15 -1
-1 -40
-41 -9
-2 3
1 -17
-30 -31
-34 4
-32 6
-5 -8
12 12
11 6
-15 9
24 -15
-23 -4
-20 -9
-11 0
-30 11
-30 9
8 14
-8 16
-32 9
12 3
2 -16
-3 -5
-40 12
-12 9
-1 13
-5 -2
-46 -25
-48 7
-39 6
-9 12
16 -16
-4 21
-2 -14
-13 -7
-20 8
2 -11
-47 13
-19 -20
-40 4
-39 15
17 -12
4 -20
-15 23
-9 8
-26 -7
13 6
16 -33
8 -27
-3 -20
-14 -17
-16 -8
-3 -25
42 -18
-3 -12
44 -28
2 -34
1 -15
4 12
3 -18
-24 -7
-23 -11
6 -40
-11 40
-1 8
1 24
9 -2
-9 -11
-13 -20
4 22
-13 8
6 -11
0 -8
-31 -34
-21 0
-4 7
-14 -13
-9 17
-10 14
-11 -35
-16 -25
-4 1
-46 3
-22 10
-15 -11
-28 1
20 20
15 -2
3 -30
-8 -10
-20 -6
-28 -10
-11 -17
3 10
-10 -8
-9 4
1 -32
-18 -12
28 4
-10 3
15 -28
9 -16
-9 15
9 -16
3 4
6 19
-20 -19
1 24
-5 26
-14 -26
-36 -28
-55 23
-41 42
2 -5
9 -19
-38 -23
-23 -14
-22 -30
5 2
-22 -13
-32 -5
7 9
-26 -11
-11 1
-43 -24
-15 -1
8 17
-32 6
7 12
-14 0
16 2
-20 13
-2 -5
-3 20
-14 2
-26 34
-24 -16
-4 -42
-11 -6
-27 -10
-16 2
-6 3
3 21
-8 9
2 -27
5 40
-13 -1
-8 -2
-20 11
2 -21
-17 3
8 -8
5 42
-6 15
25 9
-39 -34
-29 -37
8 26
-23 0
-26 -5
20 3
7 19
1 -31
-10 -23
-7 -3
2 -21
18 1
5 -12
16 -1
16 6
-9 14
-1 27
23 51
2 -2
8 16
-28 1
-26 8
4 0
-2 -4
1 -23
11 -14
16 -12
-27 -31
-18 -4
-4 1
18 -7
11 14
32 13
-12 1
13 1
-23 2
3 8
-29 -9
-14 25
6 1
26 -1
-9 -6
-20 -15
-28 29
1 -16
-44 -14
-17 10
-8 40
3 10
1 -17
-5 7
21 -9
16 4
1 -14
21 -4
23 -2
-21 -5
-26 1
-7 2
-11 8
-13 -8
11 -16
-18 7
-16 -28
-6 -27
-5 -5
0 -26
-6 22
37 -14
16 -5
25 5
-13 1
-7 -8
-14 2
-4 22
3 46
16 -11
13 -25
8 10
4 5
1 15
29 -11
-18 -17
-5 -3
-16 -25
16 -24
-19 -10
-3 -7
-14 -12
-9 -23
-27 -29
8 -10
-4 11
-8 -16
0 -23
4 8
-1 -8
-2 2
10 -24
-28 -5
-11 -36
9 6
11 11
13 8
2 3
1 6
5 15
9 -9
24 -7
-11 12
5 -19
3 10
-13 -13
-1 -12
8 27
-6 9
-16 11
-2 -1
-1 18
-7 35
-18 26
-16 23
0 10
-9 6
38 -21
4 8
-28 -2
0 39
8 2
-2 3
-9 -15
2 -18
-32 -36
-16 -6
-7 6
-12 14
-34 26
-27 -10
-18 3
-6 38
-9 15
-21 24
-17 21
2 4
13 24
-13 16
-21 6
-11 23
-15 33
3 5
22 0
4 6
-32 -8
-34 -4
-37 19
-26 28
-17 3
-5 13
-8 4
3 -1
-12 -30
1 16
-8 0
-22 2
4 12
-38 19
-34 17
3 13
-16 40
0 -26
-26 21
-8 18
8 2
-3 -10
9 -7
6 15
-9 12
-25 -11
9 -5
-12 23
-19 18
-30 29
-62 26
-18 -20
-1 -4
-9 -5
-17 1
2 12
-11 -4
-40 7
-16 1
5 -6
-7 18
0 -16
-5 12
-12 13
-28 1
-10 -16
-29 -9
4 9
-8 6
14 16
-13 19
-46 6
-29 3
-9 25
-31 -10
-30 29
-14 27
-16 0
-22 11
-23 38
-3 18
-23 -32
-7 -23
-21 33
-32 6
-2 -14
-39 -8
-10 14
-36 13
-27 1
-30 10
-31 -3
-1 -16
-18 15
-11 3
-37 -21
-24 -8
-44 18
0 16
0 28
-50 14
-22 -15
-8 13
5 -13
0 8
-1 13
-19 26
-6 -40
-33 2
-7 -22
19 -1
-16 32
-22 34
-36 28
-13 12
-18 -21
-14 13
-22 -13
-21 -7
-8 18
-6 17
-29 32
-7 5
-22 -20
-44 36
-1 8
0 -5
14 -22
-16 17
-6 8
-7 -6
-11 -9
-2 -10
-10 -13
-11 -17
23 20
8 -6
0 0
15 -2
4 6
26 5
-4 -9
-5 0
11 12
-4 -5
-1 12
14 19
16 -33
-44 -2
-6 -13
8 5
-21 -2
4 -6
11 3
-6 7
2 9
-22 -14
-14 0
-4 -2
18 -11
12 -8
-31 11
-25 -24
-9 -9
-43 24
-4 -2
-5 0
-11 -8
-5 -4
-27 -4
-7 -2
4 21
-9 -17
-9 36
-4 6
-28 3
-15 21
-43 -11
15 -15
3 -10
-29 -1
-15 24
-12 -5
-3 -30
4 -2
-13 -15
-19 -38
-18 -39
-26 9
30 -7
-5 -3
-14 7
8 1
20 13
-1 23
8 12
23 20
13 12
6 27
22 0
10 -1
1 -9
-31 26
-2 -7
-4 27
-3 -2
-11 -3
-4 -6
-6 -17
-32 11
-6 -20
13 17
33 14
-8 6
24 27
48 27
6 -15
9 2
24 -7
-25 14
-5 13
-3 16
-1 12
-4 25
-9 4
-3 3
0 11
-13 6
-31 18
31 45
-4 -6
-3 2
-13 -6
21 -3
4 3
-20 6
-11 -5
-12 13
9 12
5 12
1 -2
-6 -20
15 14
-2 4
-11 2
-20 16
-15 -1
-22 19
-16 15
-15 18
-6 6
-9 -9
19 -6
18 6
-13 6
0 -5
-17 14
21 -15
14 24
29 9
13 7
13 -3
12 33
6 -10
37 14
6 47
31 -20
20 -11
-17 -8
-11 17
1 12
-13 4
28 -10
35 -12
12 26
4 3
19 19
30 12
-5 4
1 4
3 17
-1 31
-20 -20
10 -22
-1 15
-8 -1
19 -17
-17 20
-9 32
2 37
-2 6
-4 6
2 -6
-12 4
7 -14
18 3
-23 -4
11 -22
-9 2
22 37
-26 -11
2 -6
12 12
28 -23
-4 -1
-7 0
-5 -2
3 26
21 6
-12 1
2 12
12 0
-28 14
-6 2
-3 17
-7 5
-28 21
10 2
13 23
-15 -17
-7 -11
-25 26
-4 3
4 -1
8 9
-33 -20
1 5
-8 -4
-26 12
-8 20
-26 5
-12 18
-9 16
19 -29
-5 -45
-13 0
-5 7
-2 9
5 13
13 -1
20 27
1 -4
-12 25
12 -8
14 11
-6 14
8 6
4 -15
15 4
11 13
-34 -3
-16 -8
-14 -12
-26 3
4 7
6 18
-10 20
15 16
-12 36
-12 2
3 -11
-2 35
-25 11
8 22
-14 7
-11 5
-28 52
-1 22
-1 13
-12 -7
6 8
-10 26
0 22
20 -9
31 -21
2 5
43 6
21 -9
31 -4
-14 5
-29 6
14 -21
23 -26
12 5
2 17
16 -21
44 -10
15 -6
21 -24
-3 -17
-21 5
4 19
18 -35
11 -22
9 18
17 14
7 50
14 2
23 -8
34 38
15 28
1 17
22 20
-7 30
8 -3
-3 20
-6 17
-6 31
22 12
3 4
-12 -2
-8 -20
-24 -39
11 -18
-23 8
-10 -12
-7 38
-7 -3
-23 8
-17 2
10 -5
-10 6
-1 2
-14 -5
25 -7
15 -6
5 11
15 -20
21 14
8 7
29 -1
42 19
-16 -1
22 6
18 12
-10 5
25 39
20 11
19 16
8 13
37 10
1 -4
0 -1
0 17
14 19
6 12
-25 20
0 16
18 9
-6 4
0 4
9 5
5 31
8 -17
13 -17
16 -6
1 -8
-37 15
-13 3
-17 3
17 -6
26 -1
-18 25
18 5
22 -8
9 -2
6 25
-24 9
-7 18
-10 19
-10 0
22 -7
-1 -3
-29 11
-2 -4
1 10
17 7
-27 -5
16 -17
1 12
-15 3
-16 16
-24 -10
1 15
-13 -10
22 -5
-8 1
1 22
19 23
1 6
-8 33
-18 27
-30 -5
6 10
24 9
-17 -31
-10 -6
38 -4
24 17
-15 -18
-1 -16
9 -19
53 1
-15 17
-4 6
46 -7
12 4
22 17
26 14
-4 -16
3 -28
13 23
3 20
-25 20
-11 -15
-12 19
-19 7
-22 -11
-28 34
-20 9
-6 17
-14 -9
9 20
-5 -19
9 -11
-21 29
1 17
17 -7
-7 3
12 -10
30 -18
-18 1
-15 22
11 6
-8 4
-2 -23
-3 9
-9 12
-31 -6
-25 -8
-31 11
-14 10
-26 -27
7 -2
10 -1
-9 3
1 -15
-10 14
-20 -13
21 -29
12 3
-2 -36
-26 -32
-16 0
18 -8
-25 -38
-9 -28
-4 8
22 -19
17 -14
-13 -3
15 -9
9 10
14 15
-3 -11
-3 -13
-4 -23
13 -4
19 5
1 -3
16 -17
-26 7
11 -2
12 -21
7 -4
6 16
-7 34
28 36
-1 -18
27 23
26 36
24 24
0 22
-7 -7
27 -8
7 -3
24 14
17 4
10 16
-7 11
-23 3
9 4
-18 22
2 20
13 43
10 17
12 10
33 -5
-7 27
17 -14
-8 5
-11 18
2 7
-3 18
-48 13
-20 14
-8 -5
-24 -6
3 -6
8 0
10 0
-12 -4
1 -18
-1 -3
-3 -3
31 27
13 -3
19 9
9 -10
7 11
22 5
6 6
-18 6
-5 -3
2 1
0 -13
-21 31
-7 12
8 -7
28 19
13 -7
-10 20
16 -1
21 -5
-23 -4
-11 -10
-1 -6
-3 35
2 10
-12 7
10 -2
-5 11
1 2
16 2
-1 11
12 24
-10 7
-25 12
-17 -5
6 9
34 11
-17 7
19 15
13 1
-3 -8
23 2
-6 12
0 9
11 21
30 7
15 9
-3 13
0 25
2 10
19 -12
6 -11
-13 21
18 14
2 10
18 11
-15 9
-6 29
-2 -34
8 -11
20 6
4 14
-1 2
-2 -36
11 -16
1 -4
-7 -5
8 1
18 16
1 -7
-24 -22
-5 11
-26 -15
-13 10
-6 8
-32 -25
-1 -10
-2 -18
-47 -19
18 -48
-23 -16
-4 -3
-5 -43
14 8
18 1
44 -36
25 1
-4 -9
2 1
6 10
5 -8
-17 -6
13 -7
1 -18
-13 8
-4 -15
1 7
-22 13
4 7
10 12
-2 2
-6 3
11 27
0 -25
0 -13
-16 -6
26 -13
-28 -13
8 19
-8 9
-18 32
4 -4
3 -33
-8 5
-5 3
55 -26
22 -18
45 -5
-11 -14
13 0
12 -33
-35 15
21 19
13 8
16 1
12 3
24 13
32 -4
-9 -24
-8 14
5 5
26 23
47 27
44 10
22 13
2 15
6 17
27 -5
43 16
3 -3
-20 3
5 -34
36 15
-14 -12
-2 3
20 -20
13 -8
22 24
32 -32
4 9
7 7
-12 -2
6 0
26 3
-24 -4
-12 -14
12 10
11 -2
21 -3
-8 18
-11 -6
2 -22
-7 3
17 18
4 5
-20 23
20 27
13 -25
2 -8
16 -11
8 4
12 -62
22 -1
-33 0
-42 -12
7 -3
8 -9
7 9
25 -9
-15 3
8 -12
41 -23
-4 -1
-9 -28
1 -25
-7 14
-3 -24
-2 -19
10 -15
26 -17
-5 -10
7 -4
-13 32
11 20
-14 7
-17 7
2 -20
11 -15
9 -30
-14 -45
10 0
-2 22
-17 -3
-27 -4
8 8
-2 -3
-5 -6
-3 -22
-1 -10
12 -11
1 -4
-40 -18
17 -41
-2 -35
-4 -4
-22 4
-12 5
7 -16
-1 0
21 -42
-29 -18
-4 24
15 -1
-9 -27
20 2
-12 14
-2 30
19 5
1 7
-11 -3
18 3
9 -10
-11 -10
-24 -7
-5 11
17 4
13 19
-7 -1
-10 21
17 27
4 0
21 0
-31 -23
-22 -20
26 8
12 -16
3 -28
23 -9
8 12
-4 18
-3 9
2 -35
1 10
-20 11
18 7
-5 0
15 25
-14 -1
8 1
8 -18
-36 -30
10 20
-9 -43
-4 -22
45 -15
-18 -19
-9 -10
3 -10
14 8
24 6
19 -8
24 -6
10 17
-17 -16
34 -11
30 12
11 -6
-24 0
9 -35
16 0
-16 10
1 28
-3 -17
18 12
34 6
18 -7
7 5
15 -8
0 5
31 25
8 -5
0 -6
15 -6
26 18
55 31
20 6
-1 5
33 -1
1 -17
7 27
11 8
5 1
21 15
17 3
27 -3
-18 -24
9 -1
42 -8
12 5
-7 10
2 7
12 15
30 -3
30 8
-1 12
-8 9
-12 -15
-17 31
3 29
10 10
0 -2
-2 7
-4 8
38 -32
-11 12
10 -12
28 -1
-16 -16
17 -4
28 -9
24 -13
7 9
54 35
42 4
5 -26
-13 16
22 0
-9 -13
20 -22
-2 10
10 10
16 -18
-15 17
17 40
26 32
44 8
2 26
35 13
-4 -15
-18 -2
39 5
16 11
24 13
9 0
-1 -23
-1 -23
-3 -15
-18 9
-24 -30
14 -1
4 10
4 0
7 5
0 18
-18 26
19 37
-25 18
-17 7
30 26
-9 56
-7 16
5 7
-15 -7
0 20
35 24
14 40
-28 34
18 31
0 50
7 28
-6 -21
-22 14
-13 10
-15 -10
2 11
-10 8
-27 14
7 28
-9 22
-18 26
-1 24
-31 16
26 -10
-8 19
-12 8
25 13
30 4
15 19
32 21
11 19
22 40
10 22
0 3
-19 15
9 11
-19 -20
-15 -29
14 15
-14 12
12 20
12 22
4 -10
6 17
17 24
7 19
21 28
2 25
16 14
35 4
9 5
6 7
31 -11
4 -7
30 21
-7 20
7 -9
29 -11
34 28
16 32
29 11
3 11
6 -13
17 6
2 24
31 15
8 24
6 1
-3 7
25 -5
14 11
5 19
-9 33
30 -18
-6 7
3 -32
-13 31
8 -16
-4 -15
-7 17
0 -19
34 5
-2 2
-3 -25
-1 -2
4 6
17 22
-10 2
9 14
9 8
-8 21
10 23
8 5
9 -5
4 23
27 15
15 -23
-21 9
-8 21
-17 -32
-2 2
18 4
3 -15
-3 -16
-3 27
-8 -13
-5 2
-14 8
-31 -12
-15 4
5 0
-12 11
-2 13
-2 22
2 -5
25 10
-13 19
-4 -20
11 13
-18 -16
10 -4
-9 15
-6 -4
13 -6
17 10
30 22
-6 8
43 15
20 -2
-11 -6
15 -8
12 2
11 -17
17 -15
17 18
24 3
53 -27
17 18
-35 -1
-2 0
13 5
5 -1
-14 1
2 -7
9 5
0 -10
12 11
4 20
44 7
-4 1
5 10
6 -16
-13 15
-5 20
25 25
14 52
21 22
24 16
8 8
7 -8
13 -9
7 -5
6 -6
8 0
-4 -22
12 -11
-13 17
-7 -14
-13 14
-33 -7
31 32
3 -2
31 11
12 4
24 -19
-3 6
29 25
31 15
27 11
-2 -19
-14 -22
6 6
25 9
14 -6
9 9
0 15
-18 -18
6 -23
-1 -5
-5 -7
-13 -19
8 -24
19 -18
17 -35
-13 -21
0 4
62 -15
25 -1
-19 -21
16 -21
-5 -10
9 49
7 -22
-3 -12
-1 -3
-10 -23
12 -24
-10 8
-8 0
1 8
10 5
14 -25
6 1
-1 -30
27 -18
22 26
0 13
9 12
9 -4
9 8
2 -15
-11 -8
9 4
3 -21
-8 -35
23 -32
-6 -12
0 -10
11 2
-38 34
1 -8
28 11
10 18
27 9
1 -2
28 -21
-1 4
23 -9
8 -1
6 -1
30 -7
-3 22
21 -10
29 -3
3 15
29 12
-21 0
-2 -12
18 -5
13 16
0 23
-9 -7
4 8
9 4
19 17
-10 -10
8 -13
6 19
-12 2
-15 -11
-19 -16
-20 5
-46 -13
-19 8
17 -3
1 -22
3 -20
21 -17
-12 -12
-26 -30
-13 -26
14 -11
25 -4
7 -7
14 -8
4 -14
7 12
29 -9
17 14
30 -3
26 -40
-14 -4
25 -1
-5 -19
-20 -12
-7 -6
2 10
15 -24
35 -7
24 -11
-34 -2
15 -22
-20 12
-20 -10
-5 -22
15 3
9 20
6 24
-12 -11
39 -12
21 34
-18 -12
13 4
0 1
-10 -12
13 -2
-24 -8
16 -14
16 9
-16 -2
-10 -7
16 28
33 8
-16 -1
-22 6
-23 -3
36 7
-20 0
-20 -4
3 23
29 2
5 -25
1 2
1 12
-29 2
6 -15
21 4
18 -9
-7 -2
1 -41
-9 -4
-9 -7
-11 -13
-3 -7
12 -23
-19 0
4 -30
-9 -11
0 -24
1 12
4 -8
3 -35
0 -13
-6 -30
12 -14
-10 13
2 10
-9 -12
5 -20
-29 -10
-7 -26
-11 32
-22 16
-12 -1
-24 8
9 12
11 2
3 24
-7 -15
-13 5
15 10
-23 -23
-10 -27
2 -23
-6 -29
26 -7
19 -22
-49 8
1 -32
-4 -27
-4 8
-12 -27
-31 -39
-10 -9
-20 -11
-26 -21
8 18
22 -2
-3 -24
0 20
24 -1
-25 -36
-33 11
-10 9
-26 7
-12 -32
-10 14
-21 11
-19 -4
-13 -4
-9 -33
-1 -38
1 -9
0 -28
0 2
7 13
13 4
15 6
-1 12
11 -5
11 30
6 17
-2 7
0 6
-23 2
0 9
-25 -22
-9 -8
12 32
8 27
-17 8
-23 18
10 -2
-13 -7
-9 -12
1 14
-2 14
-15 -4
3 -30
-9 9
25 18
16 31
9 8
34 5
13 17
-17 -37
4 -32
8 -43
23 -20
0 22
-8 28
-12 27
-17 -16
-12 -20
-25 -1
19 11
-30 21
-19 16
-8 -10
-3 21
-14 1
19 0
11 -21
-8 -15
26 -19
4 -16
-1 -18
-19 -4
-14 -23
-13 4
7 23
8 -13
-21 7
-10 -7
-32 -18
-38 6
0 -3
-43 22
-22 24
-11 9
-27 -6
-14 -7
-2 36
-20 17
-20 17
2 12
-14 9
25 13
13 -17
-6 -16
3 5
-1 36
15 -4
1 7
-29 -4
-19 -12
-46 20
-4 4
-23 -21
-29 -25
-37 14
-33 28
-8 -27
-20 19
2 6
3 -3
1 25
4 22
1 28
-18 -5
-27 -4
-13 3
-4 -1
-28 7
8 4
12 3
-18 7
7 -14
5 -17
-11 -13
-34 5
-8 -15
-43 -24
-26 -8
5 7
-21 4
-12 1
-4 -12
3 0
21 -6
-12 8
-8 8
-4 19
-26 21
-21 -11
-14 -10
-15 2
-13 28
2 -1
-14 -14
-15 -4
-23 15
2 31
18 38
-15 22
-17 17
15 -11
3 -7
19 6
22 -19
-19 -15
2 22
-16 -11
-9 -4
-1 -2
16 19
6 -2
-17 32
18 17
5 -7
-14 -1
-21 10
11 7
-1 11
-9 0
20 -7
-1 -6
0 11
-10 11
-26 28
-28 16
-24 -13
-8 18
-19 -2
-5 -7
12 -13
28 0
30 15
-2 -12
7 15
-9 24
-19 2
-16 0
-11 -24
11 -25
18 0
13 -20
-45 -10
-20 -11
-8 -4
16 -12
-1 7
-8 -13
-12 -18
5 -2
15 -5
3 -31
-20 -9
18 5
19 -14
12 13
22 14
-3 -10
26 -39
14 -14
-1 -4
-5 -9
12 -29
7 -9
8 -3
15 2
1 28
2 7
-21 27
-10 20
-1 -28
12 -4
15 -2
9 0
6 -25
26 -4
-7 12
3 -2
-21 -1
-16 -17
-8 -5
10 -2
40 -4
9 -27
9 -27
-19 -21
26 -15
9 3
-1 10
-3 -19
15 -3
14 11
18 2
-25 -19
-18 -4
-21 -33
7 -16
-15 -11
25 -16
-23 2
24 6
6 22
-21 5
8 -35
17 -6
41 -4
-11 -29
20 -15
51 1
5 -8
-8 18
5 2
15 -5
26 -1
19 -14
20 7
21 -18
19 -32
19 0
22 -27
5 7
1 9
17 -10
17 -22
5 -16
-16 -1
12 -31
32 3
27 -32
20 -31
2 -6
-4 -38
6 -31
12 -14
16 -5
4 -26
2 7
6 12
9 10
21 16
6 30
21 -10
29 -13
24 11
18 -16
30 18
-3 -8
4 -21
-6 1
18 12
-13 0
-2 -16
-16 -3
2 -5
1 -7
-3 -3
12 18
-21 19
2 -1
8 13
-9 -35
7 -3
22 -8
-20 -7
0 5
-24 -16
-1 -10
13 -18
20 -3
-2 6
13 -17
19 -39
1 22
35 -14
3 18
0 -16
8 4
-14 -1
-9 -4
-8 -26
22 -24
10 3
14 1
-12 4
14 -5
-4 -13
2 -9
-26 24
-17 5
-19 12
-13 4
5 -6
11 -9
11 24
-20 8
-18 11
11 1
6 1
-9 18
-20 6
-6 1
-8 7
11 26
-2 -10
10 -8
27 -8
18 -7
-18 -19
-13 -22
-6 -3
0 11
11 1
-15 -4
-31 19
2 4
-18 38
12 -8
-12 7
3 24
8 -3
-51 43
10 22
-20 15
10 9
-15 8
5 20
37 30
17 -17
29 -3
-3 -3
0 -11
-6 11
-3 9
-11 12
12 -15
28 -10
11 28
35 18
2 12
21 -1
6 -6
-37 12
-38 -8
-3 -16
10 -16
2 -12
10 18
-13 10
7 -20
6 -5
15 7
-20 0
5 8
18 5
17 27
11 -4
9 -8
17 -2
4 29
-6 17
-7 -18
12 -12
17 6
-6 -11
-4 -4
9 7
20 -2
15 28
-7 -16
-20 -16
-9 -8
-19 24
16 8
9 -11
10 24
5 26
15 41
5 2
6 -16
-31 0
2 13
24 -9
-24 -6
-33 -19
26 -7
1 -18
5 -5
19 18
-26 3
40 22
9 5
-17 3
-3 2
-3 29
-14 -3
-24 7
8 26
5 17
-21 -15
-12 17
-17 -15
18 4
15 9
-13 1
-1 5
-29 -12
-5 -31
-37 3
-12 4
-5 -9
-24 -29
-13 -1
1 -37
6 -33
12 -27
1 -10
14 19
30 12
26 -15
-21 6
13 18
6 15
32 -2
28 -20
40 13
11 24
22 13
16 26
10 20
6 21
-26 12
19 -9
19 -7
14 18
-18 20
55 27
37 20
13 15
35 -4
-22 19
20 24
-18 7
-11 22
-8 16
0 6
28 -16
13 -3
39 15
6 47
-6 7
19 -5
-20 4
-7 11
-9 9
-5 7
-2 2
15 -23
-2 16
23 22
15 -19
10 -9
-1 18
8 27
11 17
5 0
11 1
12 -10
-8 1
16 -15
8 -25
-6 -15
-2 19
-6 -24
24 -18
-2 7
0 1
-2 4
9 9
6 -34
6 -29
-12 -6
-24 -24
15 2
-4 0
-16 16
10 -32
-21 -5
-18 3
0 -8
16 12
-14 -14
14 5
8 -5
11 23
4 10
-21 -11
-16 37
-21 14
-3 4
-18 -12
16 3
10 15
-3 11
-16 8
-2 -7
31 -9
10 -3
20 11
14 27
43 14
11 19
-38 -1
-1 -12
4 8
2 10
-24 22
-20 29
3 -3
10 0
4 42
-24 5
-5 -29
7 19
-10 21
-14 23
-10 8
-22 9
13 19
4 11
10 12
6 -14
16 11
8 10
-36 6
-11 23
-33 14
-22 -2
5 23
-10 16
15 -9
-1 10
11 8
9 -7
-21 14
-1 33
-12 21
25 -5
1 3
-24 31
-24 20
-10 -10
8 -2
-7 -5
10 1
-2 -3
-3 22
-5 8
-7 -4
-6 24
11 2
24 2
2 17
-9 4
24 10
20 -15
4 10
6 7
14 -5
7 -21
25 -12
-3 -10
4 14
4 17
28 23
29 10
20 -23
7 -12
8 -12
2 1
9 21
-7 23
-5 -6
16 6
-14 -14
5 25
13 3
13 24
10 21
5 -2
-6 33
-7 -2
6 -18
-1 -11
-15 35
-19 13
-23 -22
16 13
-27 13
-23 16
13 -5
-6 4
4 16
3 -1
-4 6
-19 -11
40 19
17 -13
5 6
28 8
-11 6
7 -14
21 -2
27 32
27 27
4 22
11 -8
20 -14
-17 -3
19 3
21 -9
45 7
19 -17
-23 17
22 -2
4 1
18 20
14 -23
16 -9
28 21
-17 30
26 8
34 -6
13 7
13 3
-16 -26
14 25
5 10
17 12
19 29
5 0
27 -18
23 -19
38 -17
33 -15
15 -8
15 -8
27 -4
15 28
18 2
34 4
32 31
20 -14
14 -13
14 -15
4 -8
-5 17
-4 8
10 3
-10 3
-7 3
17 11
19 33
4 3
-7 -14
13 10
31 7
23 34
7 7
7 -28
6 8
20 -4
-9 -2
3 12
-4 3
8 6
4 14
24 16
-2 2
-2 -33
-7 8
16 15
3 -2
-4 1
-7 -13
-2 6
-1 0
9 -9
8 0
16 -5
3 1
17 2
15 6
31 -4
-2 -5
-15 17
-9 -18
8 -17
24 -7
39 5
12 -5
-1 11
13 -5
-20 -17
16 -24
2 -60
-12 -2
3 -16
-9 18
37 10
6 19
4 17
14 8
29 -25
23 -1
32 -21
44 21
12 -29
43 -18
-4 29
-13 25
1 -13
22 7
28 -20
9 -3
13 -6
8 -28
31 -15
16 -8
15 -23
2 -25
-16 13
-5 2
2 1
2 -8
-33 -6
-6 -24
1 -19
-16 1
8 15
22 -13
27 4
10 -19
-6 3
-2 12
6 7
17 -20
-6 0
8 24
-15 -7
26 3
12 -17
8 -4
-12 22
10 23
19 -3
27 -5
25 -13
4 19
-15 21
-2 14
-8 12
-24 -16
-1 -10
10 -3
-14 -30
13 8
-5 24
4 -11
-8 25
-39 -26
7 5
-23 -24
0 4
-3 24
-9 39
-11 -18
6 8
14 19
-15 9
21 13
3 4
11 14
18 23
0 25
-3 21
-43 30
-16 -14
9 7
17 -6
7 0
-16 27
-5 21
6 7
8 9
-20 4
-8 10
19 6
-7 19
-22 -4
-6 25
-29 16
-2 7
-9 -10
2 35
38 38
1 14
-5 13
-7 -12
-1 16
-4 13
9 6
-25 -28
-32 6
4 34
17 12
17 39
-5 32
-20 4
4 32
1 3
-6 19
32 12
17 -3
-27 -3
3 13
19 -28
-2 9
11 20
6 -29
-4 13
10 -5
-8 13
-15 23
36 1
10 27
-3 -14
-30 48
-4 28
-1 -8
33 17
-5 0
4 4
-9 20
2 38
-9 3
18 4
0 -13
-14 43
7 23
23 20
-4 -4
14 -1
5 21
5 -9
-6 -24
4 -11
6 -11
-3 6
-13 11
-5 5
40 -2
-3 10
-10 50
16 24
4 19
14 26
15 -27
-21 9
-14 7
-27 19
-2 19
33 -10
5 13
21 -10
7 39
33 -6
6 26
-22 14
1 19
2 24
15 9
50 15
16 16
45 3
-3 -1
-8 29
32 18
15 17
17 10
9 -3
20 -10
24 7
9 -19
-15 2
1 24
-11 7
-20 -8
7 -8
-5 -8
7 25
21 -38
-27 -8
-24 36
16 -7
-7 -9
2 5
9 -19
38 -9
26 -13
24 -1
-5 3
8 10
19 -28
-17 22
-2 24
1 -13
-1 -4
2 -25
-11 -16
-6 -23
-13 4
-27 35
20 3
16 -2
1 22
7 31
22 -15
-2 -12
8 -25
-18 -9
0 2
26 14
0 24
17 -17
6 -8
-1 -1
-20 -14
-16 14
33 6
-18 26
-19 33
1 14
13 -6
8 -15
3 1
-14 -11
-37 -6
-15 14
-10 10
-16 4
-4 27
-17 16
-11 -10
16 12
-1 8
4 9
27 8
0 -7
-7 9
-1 8
8 7
-16 17
9 24
-21 17
-3 -8
5 -13
-26 -18
-2 6
28 -7
1 -13
-6 -26
7 -9
41 -4
9 -8
-13 8
2 24
-15 1
29 0
24 -7
10 12
0 16
-2 -7
-7 9
1 16
-3 21
-14 18
18 25
22 -19
-6 9
24 -17
46 -10
-11 -22
-1 -42
14 -9
5 -1
-24 2
4 13
30 -10
10 -1
7 -15
41 -23
22 1
23 -3
-8 -11
30 0
22 3
-9 -24
9 -16
4 30
11 2
25 -35
-4 -5
-21 -4
9 5
16 8
29 -6
47 -6
-2 19
8 12
3 -24
-13 22
-1 28
-5 -19
10 10
-9 13
-12 27
-4 9
-7 3
-11 3
7 6
-29 13
-25 -1
-8 19
1 26
11 -17
33 -17
8 -22
11 -8
15 5
16 -15
11 -9
21 2
0 -9
5 6
9 -8
1 -6
-5 -2
-34 -11
-1 -24
-13 -1
-5 -6
10 4
-26 -29
18 23
2 -2
-27 -30
5 -37
8 -13
-13 -4
-19 18
-26 -13
-21 -46
5 13
13 -13
-15 23
9 -4
-26 -9
-40 -13
-14 -10
12 -18
-6 -26
-6 -18
-18 8
0 -6
-8 -25
-17 0
27 -9
-6 -4
19 -16
1 4
-12 17
-18 -7
-17 -13
-1 8
-11 -1
-5 -6
5 -7
10 -6
-4 -18
-26 -12
-24 -3
0 -16
-6 7
13 -3
-1 1
-14 -3
-1 7
12 24
-8 -11
8 -3
14 -17
11 22
-8 15
-34 -13
2 4
-20 -1
-9 8
27 16
16 -5
6 8
-32 23
-34 -16
-9 20
-11 27
6 15
11 -10
14 -2
-3 11
-24 8
11 14
1 -16
17 -11
-19 -12
-23 19
15 27
13 15
16 29
23 8
8 4
-3 -12
-15 21
-5 25
-11 9
-28 3
-1 21
-9 16
-9 10
-15 20
-10 -22
0 19
-14 -14
5 20
-40 33
-10 15
-6 10
-25 -3
-35 24
-5 6
17 20
-8 -6
-18 26
-8 15
3 -13
-17 0
-8 -1
-28 18
-20 15
-21 2
-7 -3
-26 -23
-12 8
-24 -26
10 8
13 22
-15 3
1 23
-2 11
17 20
-26 13
0 14
4 10
-30 -3
-7 -24
11 -37
5 -11
-12 -4
-8 3
-4 5
-23 19
-8 12
-18 3
-32 18
-8 -8
-22 1
-12 -19
-14 -9
-23 -7
-51 -18
-48 12
-9 27
-6 -32
-7 -11
-22 -35
-15 3
19 20
-1 65
-39 12
-1 -2
-22 -24
9 7
-17 -9
-6 -25
-12 -14
-8 9
-17 -18
-22 0
-32 -39
-19 -8
-21 -6
21 -22
-30 6
-27 14
-4 -18
-55 19
-2 -8
-5 -14
-21 8
-20 9
-19 10
21 12
5 -3
16 15
-10 18
-16 -20
16 3
6 -1
-2 -12
-30 18
-9 -5
-16 -14
11 2
9 15
4 15
-8 26
-5 -12
8 -8
14 13
13 -23
-5 8
-8 12
-7 -3
2 17
-2 -30
-11 2
2 -1
17 -4
8 -1
12 -22
36 -3
21 -6
14 0
-27 3
-25 -12
2 -12
-18 12
-11 -5
-20 10
1 -3
-16 8
-49 9
-21 -3
-18 -3
17 -10
-5 15
17 -5
21 -15
16 -1
15 -4
21 14
20 -10
-11 13
12 -1
-18 -33
-18 10
2 12
-30 9
-13 12
1 16
-15 19
8 -11
-1 6
33 -3
5 46
-9 25
-5 38
-4 29
-26 21
8 48
22 17
20 31
-20 13
0 13
6 4
7 16
-13 21
0 0
5 29
-5 -3
-8 -5
-22 8
16 17
19 6
-28 9
-34 9
-1 2
-13 28
-18 29
-12 -14
-6 23
17 21
-12 14
-9 -30
1 -9
1 -5
-9 30
-39 -3
8 -6
0 -29
-9 -6
26 10
12 -30
-18 -42
7 -17
-4 -7
-24 1
-18 -30
-6 -16
6 0
36 -3
5 16
-5 10
34 -3
33 2
-10 10
-12 5
6 -15
-9 -17
-25 -7
30 -35
-12 -18
23 -13
-19 -22
1 -6
8 -7
-1 -20
29 -21
-4 -6
3 -20
4 7
32 5
-7 -16
17 -23
13 -2
-23 -27
0 2
-9 -2
22 -28
-6 29
-23 15
9 -17
-18 -13
21 -8
24 6
1 -3
-2 0
-13 -15
30 -17
-15 -11
12 -25
28 4
34 19
11 -44
-9 -40
19 -30
-4 -17
5 -1
27 -24
20 3
6 13
-11 -12
-7 -19
-30 3
-7 21
1 2
0 -5
-4 -2
17 8
11 -24
18 -12
14 -28
22 -6
25 -1
-5 -20
-6 -12
18 -16
-1 -32
0 -8
17 13
18 -19
1 -41
8 -27
10 -16
18 9
16 -30
30 -14
23 -5
20 -10
10 19
36 -1
14 -2
22 -8
36 7
11 17
22 -15
12 -9
24 -28
20 -19
18 -17
6 -35
17 -19
11 5
14 -24
15 -32
33 2
14 -18
10 -24
25 -18
5 -43
16 -4
15 -14
1 -14
5 -5
-15 4
-5 -4
8 -20
11 -16
-9 -44
-9 -17
32 4
-2 -9
4 -33
29 -12
10 -19
7 -46
6 -29
8 -10
-5 -38
-18 -52
-9 -7
-10 1
16 -23
-1 -33
1 35
11 -8
3 -29
0 -11
12 -12
1 -22
7 -9
37 -12
3 -42
-4 -36
31 -38
1 -28
6 -9
-7 -12
12 -8
17 -7
28 -21
22 -10
13 14
25 14
14 -8
-20 -25
14 -45
8 -23
-3 -9
6 12
27 -11
15 -14
32 -16
53 -25
37 -6
17 -19
9 -15
16 -36
33 4
14 -11
29 -26
24 0
21 -14
47 1
29 14
9 10
32 -10
6 -17
16 29
47 3
34 -25
23 -6
16 8
12 23
3 1
16 15
-9 0
8 32
23 2
10 4
12 14
-15 5
15 4
31 -30
25 -13
41 -29
36 -2
12 0
28 -12
30 8
-24 -10
-1 -25
1 -33
2 -42
-3 15
-5 4
6 -29
14 -19
12 -7
-19 -12
-24 -20
22 -3
27 2
15 -21
33 -16
47 -36
20 35
20 -15
-2 -22
-13 2
10 -18
3 5
5 -17
5 -19
11 -38
9 15
17 -41
12 -27
0 -11
-9 -4
-12 8
-5 14
18 -1
28 -5
15 3
3 -4
-2 -17
-5 -24
17 -37
11 2
5 -6
27 -14
47 7
-6 -9
11 8
14 10
12 -22
16 3
-12 3
3 8
14 -15
23 6
7 -3
11 -8
-38 5
17 -18
-22 -11
-29 -39
-11 -17
-11 -1
-13 7
10 35
17 25
8 -11
-4 -18
22 32
29 12
-2 0
22 13
9 -14
4 6
7 10
31 -34
24 -23
9 -22
10 -2
0 5
20 1
9 -13
6 -5
14 -25
25 -8
43 -20
21 0
22 -5
-2 -24
3 -20
-14 -21
-3 -14
17 14
12 10
-10 12
-28 14
-19 -7
14 10
2 -8
7 4
0 31
1 21
21 -7
16 24
9 18
24 -32
-9 -30
2 11
4 -6
11 23
-17 20
-11 6
8 -2
-18 0
49 10
4 -24
10 19
21 7
8 -17
-4 -21
0 21
-8 14
-9 -7
21 -3
6 10
-1 3
5 3
21 13
-39 16
-2 13
-3 37
15 0
31 9
-8 11
-18 -2
-2 13
-13 2
3 17
17 12
5 -15
6 -3
0 11
-2 2
13 4
-7 -16
-13 -9
-14 -23
13 30
12 37
-4 -22
-18 -37
3 9
13 20
6 -20
0 -8
22 -8
-3 0
-8 -13
12 -22
9 -8
0 -28
0 -10
8 13
16 -1
-21 33
25 -2
13 21
-6 -31
18 3
12 55
8 42
-26 53
17 13
40 15
0 -21
6 -48
13 -1
13 24
35 -2
22 4
40 -5
23 -10
34 -17
34 -12
24 18
13 -33
3 5
8 -16
6 -5
-2 -17
-1 -4
23 -10
2 15
37 7
10 -6
15 -2
1 -5
-11 -13
-2 -35
27 -2
0 -17
27 -15
16 21
-8 -9
-9 -2
10 -7
16 -7
1 -4
23 -21
37 22
1 7
-24 -3
11 10
23 -15
25 -6
21 -11
18 10
4 -24
37 -25
45 1
18 -6
30 3
23 12
28 -9
16 9
23 14
19 -16
0 26
-1 20
38 5
31 -40
33 11
14 11
23 -1
38 23
30 -3
4 -38
34 -27
25 -3
17 -24
15 15
5 -5
46 2
-14 2
-20 -51
-16 24
14 -2
12 -20
-6 -21
19 -23
35 -26
12 -13
-2 -13
25 -21
26 -13
10 -23
48 -16
12 2
39 -8
47 2
2 -3
-1 -6
-5 -6
27 14
15 15
10 -21
27 20
8 15
-3 -25
39 -13
7 -20
11 -25
12 -42
-6 11
24 -7
25 -25
-3 -25
13 -7
33 10
-2 -4
19 -13
20 -11
28 -4
39 10
18 8
25 15
18 12
-13 -3
4 17
33 35
-21 -2
3 7
-9 24
20 7
7 -2
13 -13
5 -35
1 -11
-20 -2
14 6
7 2
-7 -11
23 -3
-1 11
16 -6
-2 -4
-5 12
-14 -16
15 -6
19 -6
-14 16
14 -21
-5 3
-17 -14
13 2
-4 33
-18 3
-26 -20
-12 25
-6 -13
-27 -2
-4 -12
-24 -5
-15 -26
3 -25
14 -9
2 0
3 -5
-2 -5
3 6
-8 11
26 -1
-9 -9
-23 -12
21 18
-23 1
17 -14
24 8
6 -27
4 -7
15 -12
17 -29
2 -11
3 17
30 10
-3 24
-5 1
-13 -1
-12 0
-7 -2
-8 -5
8 -3
-10 24
-5 6
-14 -14
-13 -7
9 -19
-3 -8
-12 11
1 15
4 17
13 -28
9 -9
38 -13
29 -5
8 20
39 -22
13 -23
-5 -15
-17 9
11 14
-19 4
5 -11
0 3
16 3
30 4
22 16
-11 -19
22 -18
-1 -3
12 -5
-8 -7
32 -18
-2 7
32 -18
19 -32
-5 -9
40 -27
-10 -32
-11 -63
-22 -19
1 -15
20 11
34 -9
25 -28
-6 -4
9 -27
7 -20
10 -25
-9 1
12 7
24 -1
-7 9
6 -32
30 -7
-11 -17
-9 -5
16 -8
51 19
26 12
1 6
13 -28
17 16
21 -12
2 -4
-4 27
24 11
-5 33
40 29
7 14
2 14
3 -35
20 -11
50 15
26 13
11 -15
27 -8
1 0
1 1
29 -23
-17 -17
-6 27
6 4
23 4
3 -37
-5 -43
24 -22
4 -22
14 8
19 9
12 -10
26 -12
20 -31
11 -5
-18 -5
27 -22
28 -35
17 -14
5 -4
4 -6
33 2
26 -3
24 -14
22 -5
17 -31
37 -10
18 -3
37 -44
13 -1
-2 -38
27 6
5 -11
19 -16
19 -21
6 -15
7 15
1 -7
7 -10
28 -22
-3 -22
11 10
-6 -2
-15 -8
17 2
12 3
24 -25
38 -25
25 -13
10 26
-11 3
8 3
-1 -13
24 -18
41 0
18 -6
-1 -11
2 -15
0 0
9 12
8 -26
29 -7
22 -9
27 27
37 -10
2 16
4 7
24 -19
-12 11
19 -8
0 2
16 40
-5 22
14 25
0 29
-17 26
-21 5
-7 19
32 -37
18 -23
-10 -6
0 -37
5 24
4 1
-38 -17
-18 -25
-42 -18
-11 10
17 15
16 4
21 -18
-7 4
11 -4
-17 -1
-9 19
2 3
-5 25
-19 1
-10 -14
-7 10
2 -16
1 1
2 0
17 -42
9 -9
20 -4
27 -12
20 22
-22 7
-5 2
12 -17
-9 -36
-16 -19
12 8
14 -21
4 21
7 -8
-1 -20
-27 -14
-14 3
-15 -3
10 25
-9 15
-47 -32
-15 -22
-2 -23
-23 -10
-1 -6
-1 14
-22 6
0 -8
-26 1
-22 -18
-33 -9
2 0
-3 17
-13 27
-2 -7
21 -16
4 11
-21 5
-10 4
2 15
21 15
23 -12
21 22
17 -12
-1 9
6 1
10 15
-18 -5
-10 3
24 12
21 1
-9 -4
28 -30
34 -25
12 25
14 -10
19 4
-17 13
5 9
-2 11
-13 -9
27 -4
12 -7
25 9
-6 3
10 5
6 2
29 -9
24 4
31 -4
-2 6
-4 8
9 17
0 -2
7 19
8 -17
16 5
-1 -2
10 -26
21 -4
-17 -21
32 8
6 -21
-29 -14
28 -5
29 0
4 -20
19 2
26 -21
-8 -1
15 15
18 1
9 -13
-15 10
11 3
5 -13
-12 -3
-5 9
13 -7
12 -1
29 -22
38 -7
24 -18
-1 -17
19 -17
-5 -1
20 12
-10 2
9 -34
12 10
-9 -19
-17 -19
-12 1
0 -25
4 -25
13 -30
5 -23
26 4
15 -31
35 -21
-10 -23
-9 -30
-12 -15
17 -5
13 19
17 -23
30 -35
-11 -20
22 -21
2 -43
-10 17
-5 1
5 -24
13 12
-6 -9
-4 0
14 -34
-9 -31
36 4
-10 -7
20 -6
25 16
-7 -2
4 -15
5 -21
3 -41
-9 -17
12 -29
22 -22
0 -22
-12 -39
11 -6
12 -28
16 -4
-15 13
-5 -23
-16 -6
20 29
24 -6
-13 -12
19 -41
-13 -66
-26 -11
-1 20
19 -16
21 -25
19 1
-29 10
-9 -10
22 -1
18 -2
18 13
14 -3
13 -9
8 -3
29 -9
10 21
4 -2
-15 -15
-15 22
1 -11
10 -6
1 33
-9 -7
7 0
26 20
-16 19
4 -19
18 2
31 5
-29 13
-24 2
-20 13
-16 9
7 -35
-12 5
-16 -37
7 -17
20 -32
-11 -12
13 -13
5 -20
-6 11
3 -23
17 -30
12 12
0 19
22 -2
10 7
-18 -10
-15 -41
17 15
-31 5
-31 0
-30 17
-6 0
-14 12
-12 -10
0 3
-1 25
20 11
21 -23
-9 -9
26 -23
-12 -25
-20 -11
8 -13
26 -19
11 -26
-16 -2
-16 -35
-14 -33
-8 -29
1 -18
31 -65
-5 -51
21 -16
-1 -50
16 -38
30 -23
17 1
-9 -21
-23 -16
13 -44
-23 -22
-13 8
30 -27
1 -33
14 12
2 18
1 -14
5 11
-7 5
-8 -13
0 -6
-14 -7
-28 -16
3 -26
20 -25
-10 -13
-3 -15
14 -24
-17 -6
21 -3
-14 -3
-3 -29
5 -26
-6 6
1 -9
-16 -54
-6 -38
1 -28
-12 2
15 -12
11 -29
-7 9
-37 -4
15 -15
-5 -39
-34 -50
-23 -37
12 -17
17 2
15 -3
21 -3
16 -52
49 -16
9 26
8 -21
1 -16
-1 -24
3 5
3 -8
7 -7
12 -31
14 -4
-6 -17
-12 -46
-3 -8
4 -16
12 -15
-18 -1
-5 -14
-1 -35
3 -14
10 1
-5 -19
3 -6
-25 -26
1 -14
2 -17
-22 -29
-20 -4
-18 -10
-15 -6
22 17
15 -12
7 -16
5 -35
6 -24
23 -24
20 -15
-4 -6
14 -1
-4 -9
-6 -46
13 4
1 -14
8 -9
4 -38
-2 -47
13 -29
12 -14
5 -7
13 10
-21 -23
-30 -15
14 -41
15 -7
34 -1
-4 -25
0 14
1 0
-21 -13
-23 7
-6 -9
14 -34
-33 6
-4 -25
-20 -10
23 18
-13 -1
-4 -4
-5 -26
-32 -6
-30 -25
-34 -13
-9 -12
-17 5
1 -18
-25 -20
-32 -30
-14 -14
-25 -20
-31 -16
-7 -32
-37 -38
-17 -6
-15 1
-29 -12
-26 -23
-13 -1
-6 -11
-26 -14
-37 -52
-34 -13
-40 -1
-12 -17
-21 -24
-35 -11
-36 -37
-71 -6
-37 -4
5 -12
-29 -2
19 -31
-16 8
-29 -47
-13 -21
-1 -23
10 -29
-33 -11
-26 -20
-30 -12
-16 -46
-4 -20
-1 6
9 -11
2 -37
-25 -24
-2 -15
0 -43
-12 -15
-37 -21
-32 13
-2 -5
5 -34
-21 -18
-31 -10
-40 -30
-9 -36
18 -26
-8 -15
3 -5
-26 3
-6 -13
-18 -14
-3 -27
-37 6
-21 -9
-12 -18
-10 -4
-22 11
-58 3
-4 -2
-7 10
-21 -15
2 -26
-27 -1
12 -26
-14 5
-11 -19
-21 -15
-8 -15
-8 2
25 8
-8 16
-34 2
20 14
-17 18
-19 -18
-32 -2
-3 -12
6 -23
-20 -27
-21 -19
14 -16
-22 -6
-3 10
1 25
7 5
28 16
8 7
-5 7
-17 2
-12 12
-13 -17
8 -5
2 -58
3 -22
-7 35
-17 6
-24 0
-13 -5
-8 21
-4 -5
-19 13
6 25
0 23
-24 11
-11 -8
2 14
-24 18
-27 4
-21 -2
-7 -24
-31 4
-21 -16
-11 1
-32 2
18 -5
-5 -24
-28 3
-8 7
-39 -10
-27 21
22 4
19 14
-19 5
-4 17
-15 -12
-5 9
-25 -24
1 -6
-6 -7
-46 2
18 26
-18 18
-4 19
-22 7
-11 7
3 -12
-29 -12
-17 9
-10 3
-31 -5
-13 13
0 23
10 -4
4 11
-15 1
-23 11
-25 5
2 -19
-21 6
-1 23
-11 -28
-18 4
10 7
-23 17
18 14
40 -10
10 -2
0 -2
14 5
2 -22
16 13
-14 -2
-16 -21
27 12
-14 9
-4 -19
-25 -19
-9 -28
-29 9
10 12
-9 -53
-10 7
-13 14
-6 -28
46 -6
0 -1
-11 -11
8 -19
-4 -8
15 -29
-13 -31
16 -22
-6 -1
-25 9
14 -1
-13 13
-11 -14
16 -21
-17 -22
35 -49
-34 -40
7 -26
-10 -9
-28 7
0 -8
-25 -34
20 -17
28 -31
17 -3
12 -3
-14 -11
-23 -3
-29 21
-20 6
-23 0
-11 3
-13 1
-15 26
-14 11
3 -20
8 20
-25 -33
-3 -46
3 -45
-13 -44
-27 -2
-5 -2
-39 0
-19 -13
30 5
-8 16
12 14
11 -7
-7 -5
-15 -47
-4 20
-9 -4
-17 -7
-50 -13
-9 -14
-18 5
-8 -12
-7 -24
6 -17
3 1
10 1
2 12
-9 -2
-10 0
-30 2
-11 13
-20 -7
15 8
-2 10
-10 14
-15 6
-20 14
-8 5
-2 29
11 9
-18 10
-10 12
17 25
5 13
35 12
-6 -26
-33 14
-16 8
-20 -24
-4 6
-33 11
-8 -8
-57 7
-16 1
-11 -3
-10 0
22 -11
3 7
-12 7
-25 -10
-6 9
-21 -3
-5 -10
21 3
2 8
-28 2
13 18
10 18
24 18
13 6
-20 -5
-9 -14
0 4
16 3
-11 -34
-25 2
3 -12
-4 -11
-6 -17
-5 -15
-25 -4
-11 -9
-23 -13
-23 3
-17 -8
-24 -21
-15 -23
-15 -24
-19 -26
-37 -8
-20 -6
-18 3
-9 -6
33 -27
7 -8
2 -7
29 4
-14 23
-28 -32
-31 -45
0 -34
8 -12
-15 17
-36 32
-13 14
-7 -24
-41 -13
-21 25
-8 5
-7 10
-3 5
-20 37
-34 0
-11 0
-18 1
19 3
-18 12
18 -3
-35 5
-29 -5
9 -4
-24 -19
10 -36
6 6
-2 35
-19 5
14 9
-18 -37
-15 -1
38 22
-8 23
-8 6
4 -27
11 -2
-8 -12
3 15
-7 -3
-17 -36
4 40
13 21
9 24
20 14
2 -33
-18 16
0 -7
-13 -15
15 17
17 -11
-11 -18
0 -21
10 -5
19 -21
10 -10
-27 -27
-14 -1
-19 -9
-28 0
17 -1
24 -19
-5 6
-2 -25
27 -4
-42 7
4 -21
-5 0
-25 30
9 7
25 17
-37 17
-5 4
18 -15
4 5
-17 24
-10 32
7 -16
-12 -31
-12 -11
-44 -11
-27 -22
-11 -24
-15 -16
-16 10
6 -19
-8 2
-19 -1
-14 -37
-18 -5
13 -25
-28 -26
-13 -9
-43 5
-6 -2
8 10
-9 9
-35 18
0 15
-16 29
3 -32
3 -46
-20 -10
-6 5
-3 -13
29 16
-15 -4
16 -7
-13 25
-10 2
23 -17
4 0
-28 1
0 4
-10 3
19 1
37 -15
18 2
23 -2
-15 -28
-4 -40
4 -36
-17 -8
19 -3
-12 31
-20 4
-20 -21
-12 9
-16 -1
-29 -13
8 10
-17 -8
5 -9
-8 5
17 -17
-40 -12
-24 42
8 34
10 -12
10 -38
-3 -1
-10 -3
-6 -11
-5 -9
-35 6
4 -4
-27 4
20 -25
-32 6
-22 3
7 11
21 -16
-20 5
-25 -8
-26 -3
-29 2
4 11
-22 -20
-11 -9
-31 -31
-33 -20
0 -12
2 -34
18 -11
-16 7
-4 -12
11 -11
-32 -6
-2 -15
0 -21
2 -25
9 -41
21 -8
9 -8
-4 -16
22 -27
22 -29
8 1
-3 -8
3 -21
3 -12
-11 -20
20 30
6 -6
-27 6
-15 30
14 -10
-5 -16
0 16
-18 -11
-2 -29
6 -6
-10 8
22 3
10 9
11 -10
0 3
10 2
-4 -19
-9 -22
35 -20
-3 -5
2 -13
4 -13
1 -3
22 3
13 -7
-2 0
11 6
9 30
11 -6
2 -4
-11 10
15 0
-14 7
-6 15
-5 -8
-14 -25
14 -15
15 -2
-24 -20
-19 -14
-10 -7
-45 6
-12 4
3 -9
0 -15
-5 -12
-19 -15
2 -29
-19 21
-5 6
2 -12
-27 -4
-10 4
-10 1
0 7
35 11
-21 7
-7 4
-2 18
24 5
0 21
-12 -6
12 29
-6 -2
-11 -16
11 11
27 -7
3 11
22 8
0 -14
-31 -17
-34 -51
-10 -11
-4 13
-13 22
-15 -21
22 1
-12 21
5 -12
-11 -22
38 14
-25 -2
-21 25
8 20
1 -31
8 1
3 -13
-19 -1
-1 42
7 15
1 -9
14 -4
-12 11
31 12
12 5
-15 -15
-27 23
-16 10
-45 6
-7 3
-15 -12
-8 12
22 -11
-14 -13
-4 -18
-21 -42
5 -3
6 -3
-24 -9
2 -13
4 -4
10 11
6 -9
24 -23
7 35
2 16
13 -21
-2 -2
9 0
-24 8
4 6
6 4
-12 -23
-13 8
-18 29
-16 -4
-8 17
-22 26
12 8
0 -6
9 6
-17 35
-28 23
12 8
-3 18
11 13
6 -21
-19 -3
4 -32
12 -12
6 -22
25 16
-43 -5
-13 -33
22 14
-32 -16
8 31
11 -7
-52 -8
8 2
-12 5
12 7
5 -3
-11 -9
-40 -3
-1 46
3 18
-23 0
3 2
12 -2
3 -23
9 -8
13 3
9 7
-2 -23
-11 33
3 -19
-8 -5
23 24
-11 11
-28 12
-9 5
-31 -14
-1 -24
-18 -27
13 22
27 5
-16 0
-23 -34
26 -43
-9 9
-2 -22
-9 8
-32 25
34 9
23 5
-9 -7
3 5
-27 5
6 17
-16 -7
-10 16
-3 10
31 -2
-15 -12
-14 -28
-44 -6
-38 -17
-40 7
-42 4
3 0
2 -19
-21 -16
-5 -10
9 13
-4 2
-28 -2
1 30
-19 2
4 7
3 5
-11 -18
6 1
-10 -4
-28 4
-22 13
-29 24
-28 25
-8 -23
-25 -9
2 -15
5 -33
-26 7
-1 1
-2 -15
-6 -4
-9 -3
-47 -26
-46 -28
-22 -1
-11 -11
-23 5
-5 7
10 -4
-33 -9
-6 -5
-13 14
-11 0
-20 12
-25 15
-13 -2
-25 -20
-14 -12
-32 19
2 14
-16 5
-22 13
-9 4
-16 25
-35 -5
2 2
-20 -26
-35 -15
15 -23
-5 -32
-29 -31
16 6
-4 -5
-31 -11
32 -20
0 -29
-7 -22
6 0
-12 -21
-14 14
-58 0
-12 4
-21 16
-51 -7
-38 11
-2 17
-16 7
6 9
17 14
-22 -2
-12 -22
-13 -25
-24 -2
-17 -6
-39 6
-19 24
-30 -16
-19 29
9 6
-10 1
-6 -18
-8 44
-19 -15
-28 -6
-9 19
-11 37
-8 5
-3 18
-4 4
-27 -23
-28 -23
-24 5
-55 14
-40 -8
-20 31
5 0
5 -17
5 14
25 13
-22 -5
-35 -22
-2 0
-1 -6
-34 -31
-46 4
2 -20
-26 -8
-1 -4
-40 -2
-13 -4
-29 -29
-31 -7
-22 10
-26 -15
-15 -22
2 -16
-7 7
-52 1
-30 3
-12 10
2 -12
-39 17
-27 -14
-8 -11
12 -30
0 23
-44 -16
-5 -11
-18 13
-16 -48
-31 -26
7 25
-24 22
-27 8
-32 6
-27 -31
-32 8
-42 -4
-26 7
-38 24
-11 13
-10 0
-16 5
-35 12
-16 15
-19 2
-47 18
-44 6
-6 11
-11 -4
-26 12
-12 18
-17 2
-28 26
-35 -25
-17 -7
-6 -14
-25 -5
-32 -17
-18 14
-11 -4
-28 12
-39 27
-26 -19
-1 -2
-34 1
-16 9
-16 -4
1 8
9 -5
-6 -24
-27 -3
4 8
7 -6
-22 16
-27 36
-15 4
-14 0
-5 -17
-5 -9
-16 -15
0 24
-2 17
-35 -8
-23 16
-39 12
-21 7
-15 9
-18 11
-20 17
-47 7
-7 12
-13 0
1 0
-11 7
0 3
13 15
-13 26
3 20
-31 32
-2 37
-21 10
-39 -3
-22 29
-30 31
8 14
-24 -3
1 -12
-12 -12
-13 26
2 -10
-36 11
-44 -2
-32 -17
-49 17
-40 28
17 -7
-24 15
12 -30
-11 18
-13 -5
5 -22
-11 -8
4 0
-13 4
-8 33
-8 20
6 -8
-8 -2
-13 -14
-20 1
-35 7
-14 13
-12 1
-1 -12
-9 5
-7 -28
-6 -15
-34 10
-44 -3
-28 2
-14 -33
2 -56
-15 -21
-24 -15
-28 -35
-24 -4
1 -6
-22 -21
11 -13
-14 -8
-15 -26
-12 2
-2 -32
-3 -28
-7 1
14 -24
15 -7
-1 -8
-22 12
-31 8
7 13
1 0
16 -8
-5 35
4 35
-4 -27
-40 -31
-2 17
2 -23
11 8
-25 18
-35 -6
-25 -6
-21 -42
-14 -15
-3 -21
1 -1
-21 2
-21 -8
-20 -16
-32 -1
-12 -18
-1 -16
-26 18
-20 -8
-11 -22
-36 -26
7 0
-18 -11
-45 -15
-29 -10
-23 23
-10 14
-39 -6
-1 -2
-2 15
-26 -11
-33 -23
-1 -20
3 -20
12 3
-2 -5
-28 -32
8 -23
-7 -17
-13 -12
-30 -31
23 -33
-4 -1
-14 9
2 10
-5 11
-17 6
-22 7
-12 17
-2 -8
2 3
1 -12
5 1
18 22
10 -15
15 -4
-20 -12
-22 5
-8 -6
-11 4
-14 19
-7 -7
-12 -10
-16 3
-14 -26
10 -26
-4 18
-15 -12
-8 -8
9 -19
-21 6
-12 18
-15 -35
5 -13
-12 16
-16 -14
12 -11
-3 -15
-5 -6
-38 -2
-5 -2
-22 8
-33 -20
-16 -15
-25 -2
0 -10
-14 2
-37 -13
-10 9
-7 22
13 0
8 -18
12 -11
-23 -9
0 18
-17 -15
7 21
5 -4
-15 -4
-26 -13
-3 5
-5 6
-23 5
-61 -12
-68 -1
-19 -8
-22 11
9 19
-31 6
-23 -5
-15 2
-25 -3
-41 -20
-8 -7
-7 26
4 7
37 -20
11 26
-1 -1
-2 -2
-10 1
-27 9
12 3
17 19
-20 0
24 12
16 -21
15 21
-3 3
-7 -26
-19 -5
5 -11
2 -9
26 -2
-7 -18
-1 5
-26 -17
-24 -5
2 11
-14 12
12 13
2 16
-15 -15
-18 7
-18 -10
-33 -24
-15 -2
-27 -22
17 -7
-13 -5
-7 -12
7 -10
-1 -16
-10 12
-35 12
-11 -21
-28 -28
-18 -24
-12 5
-26 7
-21 -5
14 19
-10 3
-9 16
-16 -18
-7 6
-6 21
1 11
9 -3
-38 -1
-16 30
-14 2
12 3
5 21
-4 5
-3 36
-2 1
-22 6
-13 -1
-9 -10
13 -25
12 11
-13 15
20 3
-22 7
-8 9
4 -1
-23 14
1 0
2 -22
6 -14
-11 -10
-1 -21
-14 -16
1 -49
-31 -7
-21 27
-34 33
-14 52
29 0
-23 13
-19 -23
-11 -10
28 0
38 -44
-5 -9
-23 -11
7 -10
-34 -5
10 14
29 15
-14 -5
32 -4
-9 -8
-1 8
41 -11
0 -24
44 4
16 -14
25 8
8 -19
10 -15
6 -2
-16 -10
-12 18
17 18
-7 -29
-27 9
26 20
-6 11
15 -13
-7 6
16 8
12 -7
-2 3
27 -26
-5 -7
37 -14
13 5
-23 8
20 -19
23 -21
3 10
32 12
-12 -4
7 21
5 -16
-7 -30
8 -17
34 -9
36 -16
-15 10
13 -9
14 16
9 2
18 -21
11 -8
32 -21
23 5
3 22
14 -7
20 22
2 -10
-12 -21
4 15
22 -42
31 -11
28 21
7 9
-8 -9
5 -6
35 6
-9 9
19 -25
49 -1
7 19
20 17
1 24
11 23
-2 16
20 -28
7 7
-3 -16
-7 1
12 -21
10 -7
-9 5
22 3
-6 29
-9 -15
35 -10
24 -5
30 -21
24 11
-1 7
15 -6
42 13
38 -13
22 -6
43 18
1 6
8 9
9 16
36 28
21 18
31 24
7 54
-12 10
2 16
27 19
34 28
-4 8
-3 3
21 13
9 -5
-16 12
-17 2
14 32
39 -21
6 -5
16 -1
35 -3
-34 4
-16 10
0 7
-12 -6
-8 15
27 16
7 0
-14 7
13 36
10 4
7 22
19 12
15 13
-21 16
11 5
-5 4
3 -4
-1 12
1 -2
-2 21
-22 23
-17 20
-11 12
-16 10
-44 2
9 19
-2 21
-9 3
8 7
31 -17
10 7
4 5
2 14
-4 18
14 5
35 -4
28 -29
-17 -18
-16 -2
3 4
35 -18
-5 -19
15 -6
-14 11
6 10
-12 -10
40 -8
35 27
6 25
3 3
10 2
7 8
10 5
5 -7
-8 25
37 39
3 16
2 24
25 7
18 17
-13 25
-18 23
-24 17
-3 3
8 16
31 8
7 18
-7 16
-11 -3
4 21
14 -41
34 -21
-11 -19
5 -2
5 26
-12 -11
-42 -17
-26 27
9 10
7 3
23 -22
-20 -18
13 14
-14 10
-9 -16
-1 3
-5 -9
-7 13
0 3
6 -8
-15 -21
8 27
-16 36
-10 36
-22 2
15 -29
13 -6
22 -16
36 -19
-5 27
42 23
19 20
-14 29
5 6
24 18
12 -22
-1 5
4 -16
-8 38
-11 36
-37 32
-12 13
-39 18
-1 1
7 2
-11 18
-8 -10
3 4
3 18
-3 -18
1 -6
-14 -11
-4 15
-10 11
5 -3
5 -17
6 -12
-15 -1
-41 -9
-1 16
-15 15
-18 13
10 -7
-3 -11
14 24
-8 -3
7 3
11 2
-10 -8
9 25
-3 38
9 8
-7 -13
-15 7
7 16
2 33
-24 13
-3 10
2 21
25 26
33 16
11 -2
-8 -13
-12 -9
3 18
-3 12
26 -7
24 -5
10 -11
-6 16
-46 8
-8 -4
23 8
-3 17
-1 -20
10 -9
42 2
-17 18
-33 32
-5 -3
16 -1
23 -21
5 -3
-4 -6
-21 -8
-27 4
3 6
29 -3
11 6
25 8
-4 5
10 7
9 -29
-18 -46
-1 -22
2 -1
14 -21
-3 -38
8 -18
2 -36
21 -31
1 -33
-3 -11
-4 -1
-8 -22
16 -11
16 -19
22 -2
-2 -5
11 17
18 1
-18 0
5 3
-21 -18
-14 -20
-15 -4
9 3
-8 -12
5 1
-3 13
19 -26
3 13
1 -6
-1 16
-11 -34
5 11
-24 -8
-9 -33
10 -9
9 27
-5 -3
15 -28
-11 -16
-22 -11
12 -15
-30 -11
7 -14
17 -41
12 -32
12 -5
11 17
15 7
8 -9
15 3
7 -11
-2 -6
-11 -34
55 -11
10 34
15 -4
-2 1
-12 -20
14 -6
-2 2
-3 -3
-21 -13
-1 -17
18 17
37 -8
4 -24
29 -15
-6 -24
-24 -15
-22 -18
-19 13
-5 6
17 -9
0 5
-2 -19
7 11
-5 25
25 14
4 12
2 -7
7 0
-5 7
4 31
4 20
-7 -10
-14 -27
7 24
-22 -4
-11 -22
7 -7
-19 -4
10 4
-6 14
-22 -1
-1 -17
2 -7
31 9
2 -23
1 -8
-31 9
14 -7
-14 -18
-7 -12
29 2
20 -12
-2 -11
-29 -10
-26 -25
11 -7
-20 15
-8 -27
25 -11
29 -38
17 -24
15 23
22 16
7 16
9 11
-7 2
18 22
-7 6
26 -12
11 -14
0 16
20 25
15 -7
-1 10
3 12
22 9
2 -11
-4 -18
-17 -1
12 -25
16 -10
-35 39
58 -3
49 20
-16 2
-19 7
-10 0
-7 8
-25 14
-1 -10
13 -9
7 -8
19 -11
-17 15
13 35
2 27
-8 -11
-33 45
-20 13
13 36
16 10
14 24
10 -10
26 -3
-1 15
-12 -14
35 9
24 -11
11 -16
-27 22
3 25
10 35
-18 -18
-30 28
20 35
21 12
-24 -8
-19 12
-15 43
-6 22
21 13
-17 12
28 8
8 1
-8 24
-9 24
16 7
-7 8
13 -7
10 6
-1 5
-18 -3
0 34
-1 8
-12 -7
-22 29
-13 13
4 29
33 -1
1 0
-10 -19
-21 10
-14 -15
-15 27
0 -5
5 8
25 15
22 12
6 -6
4 -1
17 -11
-5 -17
-6 -26
-16 -26
5 18
9 8
-3 3
-13 8
-20 35
19 -12
0 -9
0 0
13 -6
-2 -3
-14 22
-12 7
-28 11
-5 18
-3 16
-18 30
10 -26
2 0
-4 6
-19 11
-7 -9
-16 10
-17 25
9 3
-14 -15
14 -2
-14 -6
-8 4
-24 -16
-5 -10
-18 -9
-12 17
-25 -37
-36 -24
-18 1
3 -5
-18 -20
-5 -11
-12 18
8 -8
-16 -13
16 -25
-14 -21
-15 -16
25 5
-8 -26
-12 17
-1 -14
-19 10
0 19
7 -10
30 -17
-13 -8
-6 -23
-21 -21
-23 -20
5 -13
8 -25
-32 -9
-21 15
1 -2
-25 15
1 5
-13 -19
23 -20
-38 -15
-8 8
8 -27
1 11
-16 11
-6 7
-23 45
-22 17
13 9
-8 35
0 42
-18 -14
-17 15
-1 -17
-6 10
-49 30
-29 -7
-39 36
-25 12
-37 -19
-27 -16
-16 -25
1 2
23 -4
25 -18
3 -9
-3 -2
21 -1
3 -19
-9 18
4 12
8 27
21 -1
-10 -15
-6 4
9 2
1 -35
1 4
0 7
8 -18
-4 -18
5 -8
-8 -2
49 -35
1 34
-9 46
2 19
-20 5
2 2
4 24
-8 34
27 20
7 -12
11 25
5 2
-27 16
-11 5
-26 29
15 22
4 16
0 2
4 -16
11 -16
-6 -17
21 8
17 8
-5 13
3 18
-11 9
21 -12
-27 0
-3 25
13 -13
8 14
-4 9
4 8
-11 12
-2 41
1 31
-3 -9
8 -25
3 33
20 11
-24 26
-10 10
-14 22
-17 3
47 10
10 3
8 7
11 -2
35 10
13 -17
-22 -9
-1 -21
0 -9
-23 -7
24 -17
5 13
-15 -16
-26 24
-8 2
6 1
3 -26
-7 -19
-19 -5
30 4
1 41
-2 -5
-2 -1
-5 -9
-7 -32
18 -31
11 -3
-2 -26
13 24
3 -25
0 21
-7 60
11 22
18 0
-14 -46
-8 -2
17 16
19 0
25 4
34 10
-14 -11
-24 -40
4 -14
2 14
-7 18
4 26
-7 -5
-53 18
3 -2
-3 36
20 21
2 -20
5 -2
18 6
38 12
-15 25
-16 12
2 23
-32 2
-7 39
-5 36
3 1
-7 8
13 1
2 -17
3 -17
19 13
1 2
38 6
14 15
-21 18
5 -12
1 -19
-4 24
20 -1
5 -7
14 28
6 12
-1 16
24 17
-16 33
-16 23
-2 37
19 6
0 4
-3 -13
-2 -27
-9 35
-2 12
7 -4
-26 14
-18 19
-8 16
3 27
21 -1
-29 12
-27 -12
-3 -9
-19 28
-1 16
13 4
19 2
-28 18
-1 15
-35 6
-6 -7
35 -25
35 -16
38 -11
26 1
-23 -3
1 -22
6 23
-30 47
-19 -2
-22 32
-25 31
-8 -27
-14 1
-23 -4
22 3
-9 4
11 5
21 -13
8 0
-8 4
-19 4
-22 -3
-4 -4
14 2
-13 26
18 -1
6 11
18 4
22 8
1 6
2 -37
-9 10
-16 17
-5 18
15 -8
-15 -13
1 5
-17 15
5 11
-6 13
-35 -29
-10 -11
-18 6
-3 -27
-11 29
6 15
-25 0
-25 6
4 -3
6 -23
5 18
-13 19
-21 34
13 6
19 8
-25 16
5 7
19 13
-12 -4
10 -12
12 9
3 11
1 -11
-2 21
0 26
-9 -19
7 25
-1 -10
-17 14
-19 -15
5 7
15 14
7 37
-8 -1
-17 16
-41 23
-14 14
-13 32
-15 -19
-32 0
-27 32
-20 32
-17 -27
-20 4
-28 4
6 8
-2 24
3 25
-5 4
6 11
7 16
-2 7
27 22
8 8
-39 13
-12 5
-3 4
29 5
36 19
8 -7
6 -12
20 -24
30 -10
31 -11
9 29
-3 34
4 16
-8 39
-7 32
21 28
-30 15
-1 19
-10 19
14 3
-10 16
23 21
21 4
11 8
11 -9
13 -2
-25 -13
-11 -8
6 23
-11 -1
-2 -8
-24 23
-3 23
-30 15
9 -4
1 -3
-2 36
15 30
21 6
21 -9
-4 14
3 17
-25 27
-21 14
11 14
-3 20
-1 27
2 15
-6 3
15 16
-2 29
-12 -4
-12 18
-15 30
-6 15
-24 37
-4 6
